ELASTIC
e+N2X1=>e+N2X1
0.1958E-04
1.   1.
-----------------------------
 0.000000e+0	1.100000e-20
 1.000000e-2	2.190000e-20
 1.500000e-2	2.550000e-20
 2.000000e-2	2.850000e-20
 3.000000e-2	3.380000e-20
 4.000000e-2	3.820000e-20
 5.000000e-2	4.300000e-20
 7.000000e-2	5.080000e-20
 1.000000e-1	5.920000e-20
 1.200000e-1	6.420000e-20
 1.500000e-1	7.080000e-20
 1.700000e-1	7.380000e-20
 2.000000e-1	7.880000e-20
 2.500000e-1	8.480000e-20
 3.000000e-1	8.980000e-20
 3.500000e-1	9.360000e-20
 4.000000e-1	9.670000e-20
 5.000000e-1	9.870000e-20
 7.000000e-1	9.970000e-20
 1.000000e+0	9.960000e-20
 1.200000e+0	1.034000e-19
 1.300000e+0	1.092000e-19
 1.500000e+0	1.187000e-19
 1.700000e+0	1.347000e-19
 1.900000e+0	1.641000e-19
 2.100000e+0	1.685000e-19
 2.200000e+0	1.802000e-19
 2.500000e+0	1.792000e-19
 2.800000e+0	2.100000e-19
 3.000000e+0	1.720000e-19
 3.300000e+0	1.530000e-19
 3.600000e+0	1.396000e-19
 4.000000e+0	1.242000e-19
 4.500000e+0	1.119000e-19
 5.000000e+0	1.086000e-19
 6.000000e+0	1.036000e-19
 7.000000e+0	1.000000e-19
 8.000000e+0	1.020000e-19
 1.000000e+1	9.900000e-20
 1.200000e+1	9.500000e-20
 1.500000e+1	8.700000e-20
 1.700000e+1	8.260000e-20
 2.000000e+1	7.600000e-20
 2.500000e+1	6.700000e-20
 3.000000e+1	5.900000e-20
 5.000000e+1	3.800000e-20
 7.500000e+1	2.560000e-20
 1.000000e+2	1.800000e-20
 1.500000e+2	1.130000e-20
 2.000000e+2	8.000000e-21
 3.000000e+2	4.800000e-21
 5.000000e+2	2.300000e-21
 7.000000e+2	1.430000e-21
 1.000000e+3	7.000000e-22
-----------------------------

EXCITATION
e+N2X1=>e+N2A3
6.169 0 1
1.   1.
-----------------------------
 6.169000e+0	0.000000e+0
 7.650000e+0	5.000000e-23
 7.960000e+0	4.800000e-22
 8.260000e+0	8.500000e-22
 8.520000e+0	1.250000e-21
 8.740000e+0	1.370000e-21
 9.570000e+0	1.530000e-21
 1.040000e+1	1.680000e-21
 1.096000e+1	1.830000e-21
 1.153000e+1	2.260000e-21
 1.188000e+1	2.510000e-21
 1.197000e+1	2.540000e-21
 1.210000e+1	2.570000e-21
 1.223000e+1	2.540000e-21
 1.254000e+1	2.390000e-21
 1.315000e+1	2.020000e-21
 1.390000e+1	1.800000e-21
 1.485000e+1	1.620000e-21
 1.500000e+1	1.600000e-21
 1.600000e+1	1.520000e-21
 1.700000e+1	1.450000e-21
 1.800000e+1	1.380000e-21
 1.900000e+1	1.320000e-21
 2.000000e+1	1.260000e-21
 2.500000e+1	9.900000e-22
 3.000000e+1	7.800000e-22
 3.500000e+1	6.200000e-22
 4.000000e+1	4.900000e-22
 4.500000e+1	3.800000e-22
 5.000000e+1	3.000000e-22
-----------------------------

EXCITATION
e+N2X1=>e+N2B3
7.35 0 1
1.   1.
-----------------------------
 7.353000e+0	0.000000e+0
 8.550000e+0	2.000000e-23
 9.000000e+0	1.410000e-21
 9.500000e+0	2.020000e-21
 1.000000e+1	2.500000e-21
 1.050000e+1	2.870000e-21
 1.100000e+1	3.130000e-21
 1.150000e+1	3.300000e-21
 1.200000e+1	3.380000e-21
 1.250000e+1	3.390000e-21
 1.300000e+1	3.330000e-21
 1.350000e+1	3.230000e-21
 1.400000e+1	3.080000e-21
 1.450000e+1	2.900000e-21
 1.500000e+1	2.700000e-21
 1.600000e+1	2.240000e-21
 1.700000e+1	1.990000e-21
 1.800000e+1	1.770000e-21
 1.900000e+1	1.590000e-21
 2.000000e+1	1.440000e-21
 2.500000e+1	9.200000e-22
 3.000000e+1	6.400000e-22
 3.500000e+1	4.900000e-22
 4.000000e+1	3.600000e-22
 4.500000e+1	2.800000e-22
 5.000000e+1	2.300000e-22
-----------------------------

EXCITATION
e+N2X1=>e+N2W3
7.362 0 1
1.   1.
-----------------------------
 7.362000e+0	0.000000e+0
 9.000000e+0	1.700000e-22
 9.500000e+0	4.500000e-22
 1.000000e+1	7.200000e-22
 1.050000e+1	9.600000e-22
 1.100000e+1	1.190000e-21
 1.150000e+1	1.400000e-21
 1.200000e+1	1.590000e-21
 1.250000e+1	1.760000e-21
 1.300000e+1	1.910000e-21
 1.350000e+1	2.050000e-21
 1.400000e+1	2.160000e-21
 1.450000e+1	2.240000e-21
 1.500000e+1	2.310000e-21
 1.600000e+1	2.380000e-21
 1.650000e+1	2.380000e-21
 1.700000e+1	2.360000e-21
 1.800000e+1	2.270000e-21
 1.900000e+1	2.090000e-21
 2.000000e+1	1.940000e-21
 2.500000e+1	1.310000e-21
 3.000000e+1	8.800000e-22
 3.500000e+1	5.900000e-22
 4.000000e+1	4.000000e-22
 4.500000e+1	2.700000e-22
 5.000000e+1	1.800000e-22
-----------------------------

EXCITATION
e+N2X1=>e+N2Bp3
8.165 0 1
1.   1.
-----------------------------
 8.165000e+0	0.000000e+0
 1.000000e+1	7.000000e-23
 1.050000e+1	8.000000e-23
 1.100000e+1	1.900000e-22
 1.150000e+1	3.700000e-22
 1.200000e+1	5.800000e-22
 1.250000e+1	8.200000e-22
 1.300000e+1	1.050000e-21
 1.350000e+1	1.250000e-21
 1.400000e+1	1.430000e-21
 1.450000e+1	1.550000e-21
 1.500000e+1	1.630000e-21
 1.550000e+1	1.650000e-21
 1.600000e+1	1.620000e-21
 1.650000e+1	1.530000e-21
 1.700000e+1	1.400000e-21
 1.750000e+1	1.240000e-21
 1.800000e+1	1.100000e-21
 1.850000e+1	1.010000e-21
 1.900000e+1	9.300000e-22
 1.950000e+1	8.600000e-22
 2.000000e+1	8.000000e-22
 2.500000e+1	4.100000e-22
 3.000000e+1	2.400000e-22
 3.500000e+1	1.500000e-22
 4.000000e+1	1.000000e-22
-----------------------------

EXCITATION
e+N2X1=>e+N2ap1
8.4 1 1
1.   1.
-----------------------------
 8.400000e+0	0.000000e+0
 9.400000e+0	6.000000e-23
 9.500000e+0	1.100000e-22
 1.000000e+1	3.100000e-22
 1.050000e+1	4.200000e-22
 1.100000e+1	5.100000e-22
 1.150000e+1	5.900000e-22
 1.200000e+1	6.900000e-22
 1.250000e+1	8.000000e-22
 1.300000e+1	9.100000e-22
 1.350000e+1	1.010000e-21
 1.400000e+1	1.100000e-21
 1.450000e+1	1.130000e-21
 1.500000e+1	1.130000e-21
 1.550000e+1	1.070000e-21
 1.600000e+1	9.500000e-22
 1.650000e+1	7.900000e-22
 1.700000e+1	6.300000e-22
 1.750000e+1	5.600000e-22
 1.800000e+1	5.000000e-22
 1.850000e+1	4.500000e-22
 1.900000e+1	4.100000e-22
 2.000000e+1	3.400000e-22
 2.500000e+1	1.800000e-22
 3.000000e+1	1.400000e-22
 3.500000e+1	1.200000e-22
 4.000000e+1	1.100000e-22
 4.500000e+1	1.000000e-22
 5.000000e+1	1.000000e-22
-----------------------------

EXCITATION
e+N2X1=>e+N2a1
8.55 1 1
1.   1.
-----------------------------
 8.550000e+0	0.000000e+0
 8.560000e+0	1.000000e-23
 8.750000e+0	1.600000e-22
 9.000000e+0	3.800000e-22
 9.500000e+0	6.600000e-22
 1.000000e+1	9.900000e-22
 1.100000e+1	1.740000e-21
 1.200000e+1	2.540000e-21
 1.300000e+1	3.290000e-21
 1.400000e+1	3.940000e-21
 1.500000e+1	4.430000e-21
 1.550000e+1	4.590000e-21
 1.600000e+1	4.690000e-21
 1.650000e+1	4.730000e-21
 1.700000e+1	4.710000e-21
 1.750000e+1	4.620000e-21
 1.800000e+1	4.460000e-21
 1.900000e+1	3.940000e-21
 2.150000e+1	3.000000e-21
 2.500000e+1	2.580000e-21
 3.000000e+1	2.150000e-21
 3.500000e+1	1.850000e-21
 4.000000e+1	1.610000e-21
 4.500000e+1	1.440000e-21
 5.000000e+1	1.290000e-21
 6.000000e+1	1.080000e-21
 7.000000e+1	9.200000e-22
 8.000000e+1	8.100000e-22
 9.000000e+1	7.200000e-22
 1.000000e+2	6.500000e-22
-----------------------------

EXCITATION
e+N2X1=>e+N2w1
8.89 1 1
1.   1.
-----------------------------
 8.890000e+0	0.000000e+0
 8.900000e+0	1.000000e-24
 9.000000e+0	2.000000e-23
 9.500000e+0	2.400000e-22
 1.000000e+1	4.300000e-22
 1.050000e+1	6.100000e-22
 1.100000e+1	7.600000e-22
 1.150000e+1	8.800000e-22
 1.200000e+1	9.600000e-22
 1.250000e+1	1.020000e-21
 1.300000e+1	1.050000e-21
 1.350000e+1	1.050000e-21
 1.400000e+1	1.030000e-21
 1.450000e+1	9.900000e-22
 1.500000e+1	9.300000e-22
 1.550000e+1	8.600000e-22
 1.600000e+1	7.800000e-22
 1.700000e+1	6.200000e-22
 1.800000e+1	4.900000e-22
 1.900000e+1	4.400000e-22
 2.000000e+1	4.000000e-22
 2.500000e+1	2.600000e-22
 3.000000e+1	1.800000e-22
 3.500000e+1	1.300000e-22
 4.000000e+1	1.000000e-22
 4.500000e+1	8.000000e-23
 5.000000e+1	6.000000e-23
-----------------------------

EXCITATION
e+N2X1=>e+N2C3
11.03 0 1
1.   1.
-----------------------------
 1.103000e+1	0.000000e+0
 1.200000e+1	1.470000e-21
 1.250000e+1	2.290000e-21
 1.300000e+1	3.350000e-21
 1.350000e+1	4.550000e-21
 1.400000e+1	5.510000e-21
 1.450000e+1	5.830000e-21
 1.500000e+1	5.510000e-21
 1.570000e+1	4.780000e-21
 1.600000e+1	4.470000e-21
 1.650000e+1	4.030000e-21
 1.700000e+1	3.530000e-21
 1.750000e+1	3.020000e-21
 1.800000e+1	2.760000e-21
 1.850000e+1	2.580000e-21
 1.900000e+1	2.420000e-21
 1.950000e+1	2.260000e-21
 2.000000e+1	2.120000e-21
 2.500000e+1	1.220000e-21
 3.000000e+1	7.700000e-22
 3.500000e+1	5.200000e-22
 4.000000e+1	3.800000e-22
 4.500000e+1	2.800000e-22
 5.000000e+1	2.200000e-22
-----------------------------

EXCITATION
e+N2X1=>e+N2E3
11.87 0 1
1.   1.
-----------------------------
 1.187000e+1	0.000000e+0
 1.195000e+1	1.200000e-21
 1.200000e+1	9.500000e-22
 1.250000e+1	2.900000e-22
 1.300000e+1	2.000000e-22
 1.400000e+1	8.000000e-23
 1.500000e+1	3.000000e-23
 1.600000e+1	2.000000e-23
 1.700000e+1	4.000000e-23
 1.800000e+1	7.000000e-23
 1.900000e+1	1.000000e-22
 2.000000e+1	1.200000e-22
 2.100000e+1	1.200000e-22
 2.500000e+1	9.000000e-23
 3.000000e+1	7.000000e-23
 3.500000e+1	5.000000e-23
 4.000000e+1	3.000000e-23
 4.500000e+1	2.500000e-23
 5.000000e+1	1.800000e-23
-----------------------------

EXCITATION
e+N2X1=>e+N2app1
12.25 1 1
1.   1.
-----------------------------
 1.225000e+1	0.000000e+0
 1.400000e+1	2.200000e-22
 1.500000e+1	3.300000e-22
 1.600000e+1	4.200000e-22
 1.700000e+1	5.000000e-22
 1.800000e+1	5.600000e-22
 1.900000e+1	6.000000e-22
 2.000000e+1	6.300000e-22
 2.100000e+1	6.400000e-22
 2.200000e+1	6.300000e-22
 2.300000e+1	6.200000e-22
 2.400000e+1	5.900000e-22
 2.500000e+1	5.500000e-22
 2.750000e+1	4.400000e-22
 3.000000e+1	3.500000e-22
 3.500000e+1	2.500000e-22
 4.000000e+1	2.000000e-22
 4.500000e+1	1.600000e-22
 5.000000e+1	1.400000e-22
-----------------------------

IONIZATION
e+N2X1=>e+N2+
15.58
1.   1.
-----------------------------
 1.558000e+1	0.000000e+0
 1.600000e+1	2.110000e-22
 1.650000e+1	4.660000e-22
 1.700000e+1	7.130000e-22
 1.750000e+1	9.850000e-22
 1.800000e+1	1.290000e-21
 1.850000e+1	1.640000e-21
 1.900000e+1	1.990000e-21
 1.950000e+1	2.300000e-21
 2.000000e+1	2.700000e-21
 2.050000e+1	3.080000e-21
 2.100000e+1	3.440000e-21
 2.150000e+1	3.800000e-21
 2.200000e+1	4.180000e-21
 2.250000e+1	4.550000e-21
 2.300000e+1	4.920000e-21
 2.350000e+1	5.280000e-21
 2.400000e+1	5.650000e-21
 2.450000e+1	6.030000e-21
 2.500000e+1	6.400000e-21
 3.000000e+1	9.620000e-21
 3.500000e+1	1.250000e-20
 4.000000e+1	1.540000e-20
 4.500000e+1	1.770000e-20
 5.000000e+1	1.910000e-20
 5.500000e+1	2.050000e-20
 6.000000e+1	2.160000e-20
 6.500000e+1	2.220000e-20
 7.000000e+1	2.300000e-20
 7.500000e+1	2.360000e-20
 8.000000e+1	2.400000e-20
 8.500000e+1	2.430000e-20
 9.000000e+1	2.470000e-20
 9.500000e+1	2.500000e-20
 1.000000e+2	2.510000e-20
 1.100000e+2	2.500000e-20
 1.200000e+2	2.480000e-20
 1.400000e+2	2.450000e-20
 1.600000e+2	2.360000e-20
 1.800000e+2	2.280000e-20
 2.000000e+2	2.190000e-20
 2.250000e+2	2.080000e-20
 2.500000e+2	1.980000e-20
 2.750000e+2	1.890000e-20
 3.000000e+2	1.820000e-20
 3.500000e+2	1.680000e-20
 4.000000e+2	1.560000e-20
 4.500000e+2	1.450000e-20
 5.000000e+2	1.360000e-20
 5.500000e+2	1.280000e-20
 6.000000e+2	1.200000e-20
 6.500000e+2	1.120000e-20
 7.000000e+2	1.070000e-20
 7.500000e+2	1.010000e-20
 8.000000e+2	9.710000e-21
 8.500000e+2	9.360000e-21
 9.000000e+2	9.070000e-21
 9.500000e+2	8.790000e-21
 1.000000e+3	8.470000e-21
-----------------------------