ELASTIC
e+N2X=>e+N2X
0.1958E-04
1.   1.
-----------------------------
 0.000000e+0	1.100000e-20
 1.000000e-2	2.190000e-20
 1.500000e-2	2.550000e-20
 2.000000e-2	2.850000e-20
 3.000000e-2	3.380000e-20
 4.000000e-2	3.820000e-20
 5.000000e-2	4.300000e-20
 7.000000e-2	5.080000e-20
 1.000000e-1	5.920000e-20
 1.200000e-1	6.420000e-20
 1.500000e-1	7.080000e-20
 1.700000e-1	7.380000e-20
 2.000000e-1	7.880000e-20
 2.500000e-1	8.480000e-20
 3.000000e-1	8.980000e-20
 3.500000e-1	9.360000e-20
 4.000000e-1	9.670000e-20
 5.000000e-1	9.870000e-20
 7.000000e-1	9.970000e-20
 1.000000e+0	9.960000e-20
 1.200000e+0	1.034000e-19
 1.300000e+0	1.092000e-19
 1.500000e+0	1.187000e-19
 1.700000e+0	1.347000e-19
 1.900000e+0	1.641000e-19
 2.100000e+0	1.685000e-19
 2.200000e+0	1.802000e-19
 2.500000e+0	1.792000e-19
 2.800000e+0	2.100000e-19
 3.000000e+0	1.720000e-19
 3.300000e+0	1.530000e-19
 3.600000e+0	1.396000e-19
 4.000000e+0	1.242000e-19
 4.500000e+0	1.119000e-19
 5.000000e+0	1.086000e-19
 6.000000e+0	1.036000e-19
 7.000000e+0	1.000000e-19
 8.000000e+0	1.020000e-19
 1.000000e+1	9.900000e-20
 1.200000e+1	9.500000e-20
 1.500000e+1	8.700000e-20
 1.700000e+1	8.260000e-20
 2.000000e+1	7.600000e-20
 2.500000e+1	6.700000e-20
 3.000000e+1	5.900000e-20
 5.000000e+1	3.800000e-20
 7.500000e+1	2.560000e-20
 1.000000e+2	1.800000e-20
 1.500000e+2	1.130000e-20
 2.000000e+2	8.000000e-21
 3.000000e+2	4.800000e-21
 5.000000e+2	2.300000e-21
 7.000000e+2	1.430000e-21
 1.000000e+3	7.000000e-22
-----------------------------

ELECTRONIC
e+N2X=>e+N2A3Su
6.200  0  1
1.   1.
-----------------------------
0.000000e+00    0.000000e+00
5.600000e+00    0.000000e+00
5.700000e+00    0.000000e+00
5.800000e+00    0.000000e+00
5.900000e+00    0.000000e+00
6.000000e+00    0.000000e+00
6.100000e+00    0.000000e+00
6.200000e+00    0.000000e+00
6.300000e+00    6.500000e-25
6.400000e+00    6.500000e-25
6.500000e+00    1.950000e-24
6.600000e+00    3.900000e-24
6.700000e+00    4.550000e-24
6.800000e+00    5.200000e-24
6.900000e+00    6.500000e-24
7.000000e+00    7.800000e-24
7.100000e+00    2.145000e-23
7.200000e+00    2.600000e-23
7.300000e+00    3.640000e-23
7.400000e+00    4.355000e-23
7.500000e+00    4.745000e-23
7.600000e+00    5.785000e-23
7.700000e+00    6.435000e-23
7.800000e+00    7.410000e-23
7.900000e+00    9.685000e-23
8.000000e+00    1.183000e-22
8.100000e+00    1.417000e-22
8.200000e+00    1.605500e-22
8.300000e+00    1.858500e-22
8.400000e+00    2.112000e-22
8.500000e+00    2.405500e-22
8.600000e+00    2.658500e-22
8.700000e+00    2.918500e-22
8.800000e+00    3.257000e-22
8.900000e+00    3.543000e-22
9.000000e+00    3.822500e-22
9.100000e+00    4.134000e-22
9.200000e+00    4.439500e-22
9.300000e+00    4.757500e-22
9.400000e+00    5.109500e-22
9.500000e+00    5.466000e-22
9.600000e+00    5.766000e-22
9.700000e+00    6.103500e-22
9.800000e+00    6.455000e-22
9.900000e+00    6.812000e-22
1.000000e+01    7.118500e-22
1.010000e+01    7.419800e-22
1.020000e+01    7.722000e-22
1.030000e+01    7.982000e-22
1.040000e+01    8.242000e-22
1.050000e+01    8.489000e-22
1.060000e+01    8.736000e-22
1.070000e+01    8.976000e-22
1.080000e+01    9.217000e-22
1.090000e+01    9.457200e-22
1.100000e+01    9.699000e-22
1.110000e+01    9.880000e-22
1.120000e+01    1.006300e-21
1.130000e+01    1.025100e-21
1.140000e+01    1.043900e-21
1.150000e+01    1.058800e-21
1.160000e+01    1.073800e-21
1.170000e+01    1.089400e-21
1.180000e+01    1.105000e-21
1.190000e+01    1.117900e-21
1.200000e+01    1.131000e-21
1.210000e+01    1.142700e-21
1.220000e+01    1.154400e-21
1.230000e+01    1.166700e-21
1.240000e+01    1.179100e-21
1.250000e+01    1.192400e-21
1.260000e+01    1.205800e-21
1.270000e+01    1.215800e-21
1.280000e+01    1.226000e-21
1.290000e+01    1.234700e-21
1.300000e+01    1.243500e-21
1.310000e+01    1.254500e-21
1.320000e+01    1.265500e-21
1.330000e+01    1.276300e-21
1.340000e+01    1.287000e-21
1.350000e+01    1.295200e-21
1.360000e+01    1.303300e-21
1.370000e+01    1.314600e-21
1.380000e+01    1.326000e-21
1.390000e+01    1.336100e-21
1.400000e+01    1.346100e-21
1.410000e+01    1.353000e-21
1.420000e+01    1.359800e-21
1.430000e+01    1.368900e-21
1.440000e+01    1.378000e-21
1.450000e+01    1.384400e-21
1.460000e+01    1.391000e-21
1.470000e+01    1.398600e-21
1.480000e+01    1.405900e-21
1.490000e+01    1.412400e-21
1.500000e+01    1.418900e-21
1.510000e+01    1.424100e-21
1.520000e+01    1.429300e-21
1.530000e+01    1.434900e-21
1.540000e+01    1.440400e-21
1.550000e+01    1.444000e-21
1.560000e+01    1.447600e-21
1.570000e+01    1.452400e-21
1.580000e+01    1.457300e-21
1.590000e+01    1.460800e-21
1.600000e+01    1.464500e-21
1.610000e+01    1.467400e-21
1.620000e+01    1.470300e-21
1.630000e+01    1.472900e-21
1.640000e+01    1.475500e-21
1.650000e+01    1.475800e-21
1.660000e+01    1.476100e-21
1.670000e+01    1.475200e-21
1.680000e+01    1.474200e-21
1.690000e+01    1.473600e-21
1.700000e+01    1.472900e-21
1.710000e+01    1.467700e-21
1.720000e+01    1.462500e-21
1.730000e+01    1.455400e-21
1.740000e+01    1.448100e-21
1.750000e+01    1.439400e-21
1.760000e+01    1.430600e-21
1.770000e+01    1.421500e-21
1.780000e+01    1.412400e-21
1.790000e+01    1.404000e-21
1.800000e+01    1.395500e-21
1.810000e+01    1.391600e-21
1.820000e+01    1.387800e-21
1.830000e+01    1.370900e-21
1.840000e+01    1.353900e-21
1.850000e+01    1.349200e-21
1.860000e+01    1.344200e-21
1.870000e+01    1.331600e-21
1.880000e+01    1.318800e-21
1.890000e+01    1.307100e-21
1.900000e+01    1.295500e-21
1.910000e+01    1.287000e-21
1.920000e+01    1.278500e-21
1.930000e+01    1.267100e-21
1.940000e+01    1.255700e-21
1.950000e+01    1.246100e-21
1.960000e+01    1.236200e-21
1.970000e+01    1.227500e-21
1.980000e+01    1.218800e-21
1.990000e+01    1.207600e-21
2.000000e+01    1.196700e-21
2.010000e+01    1.187000e-21
2.020000e+01    1.177400e-21
2.030000e+01    1.167900e-21
2.040000e+01    1.158300e-21
2.050000e+01    1.150200e-21
2.060000e+01    1.142100e-21
2.070000e+01    1.134000e-21
2.080000e+01    1.125900e-21
2.090000e+01    1.115600e-21
2.100000e+01    1.105300e-21
2.110000e+01    1.095000e-21
2.120000e+01    1.084900e-21
2.130000e+01    1.076100e-21
2.140000e+01    1.067300e-21
2.150000e+01    1.058600e-21
2.160000e+01    1.049700e-21
2.170000e+01    1.041000e-21
2.180000e+01    1.032200e-21
2.190000e+01    1.023400e-21
2.200000e+01    1.014700e-21
2.210000e+01    1.006970e-21
2.220000e+01    9.990200e-22
2.230000e+01    9.913400e-22
2.240000e+01    9.835000e-22
2.250000e+01    9.756500e-22
2.260000e+01    9.679000e-22
2.270000e+01    9.600500e-22
2.280000e+01    9.522000e-22
2.290000e+01    9.449200e-22
2.300000e+01    9.376500e-22
2.310000e+01    9.302800e-22
2.320000e+01    9.230000e-22
2.330000e+01    9.159800e-22
2.340000e+01    9.090500e-22
2.350000e+01    9.021200e-22
2.360000e+01    8.951000e-22
2.370000e+01    8.857000e-22
2.380000e+01    8.765000e-22
2.390000e+01    8.673000e-22
2.400000e+01    8.580000e-22
2.410000e+01    8.514700e-22
2.420000e+01    8.450800e-22
2.430000e+01    8.384800e-22
2.440000e+01    8.319500e-22
2.450000e+01    8.258700e-22
2.460000e+01    8.196200e-22
2.470000e+01    8.134400e-22
2.480000e+01    8.073000e-22
2.490000e+01    8.008500e-22
2.500000e+01    7.944000e-22
2.510000e+01    7.877500e-22
2.520000e+01    7.813000e-22
2.530000e+01    7.760000e-22
2.540000e+01    7.709000e-22
2.550000e+01    7.657000e-22
2.560000e+01    7.605000e-22
2.570000e+01    7.555500e-22
2.580000e+01    7.504000e-22
2.590000e+01    7.454500e-22
2.600000e+01    7.403000e-22
2.610000e+01    7.356500e-22
2.620000e+01    7.310000e-22
2.630000e+01    7.261500e-22
2.640000e+01    7.215000e-22
2.650000e+01    7.162800e-22
2.660000e+01    7.110500e-22
2.670000e+01    7.058200e-22
2.680000e+01    7.007000e-22
2.690000e+01    6.971800e-22
2.700000e+01    6.934500e-22
2.710000e+01    6.899200e-22
2.720000e+01    6.864000e-22
2.730000e+01    6.814200e-22
2.740000e+01    6.766500e-22
2.750000e+01    6.718800e-22
2.760000e+01    6.669000e-22
2.770000e+01    6.626800e-22
2.780000e+01    6.584500e-22
2.790000e+01    6.542200e-22
2.800000e+01    6.500000e-22
2.810000e+01    6.468000e-22
2.820000e+01    6.435000e-22
2.830000e+01    6.402000e-22
2.840000e+01    6.370000e-22
2.850000e+01    6.329400e-22
2.860000e+01    6.289200e-22
2.870000e+01    6.248700e-22
2.880000e+01    6.207500e-22
2.890000e+01    6.171200e-22
2.900000e+01    6.132000e-22
2.910000e+01    6.095800e-22
2.920000e+01    6.058500e-22
2.930000e+01    6.009000e-22
2.940000e+01    5.960800e-22
2.950000e+01    5.912200e-22
2.960000e+01    5.863000e-22
2.970000e+01    5.827800e-22
2.980000e+01    5.791500e-22
2.990000e+01    5.755200e-22
3.000000e+01    5.720000e-22
3.010000e+01    5.687700e-22
3.020000e+01    5.654800e-22
3.030000e+01    5.622400e-22
3.040000e+01    5.590500e-22
3.050000e+01    5.557200e-22
3.060000e+01    5.525000e-22
3.070000e+01    5.492800e-22
3.080000e+01    5.459500e-22
3.090000e+01    5.428000e-22
3.100000e+01    5.394800e-22
3.110000e+01    5.361600e-22
3.120000e+01    5.330000e-22
3.130000e+01    5.304800e-22
3.140000e+01    5.280200e-22
3.150000e+01    5.257700e-22
3.160000e+01    5.232500e-22
3.170000e+01    5.199600e-22
3.180000e+01    5.167300e-22
3.190000e+01    5.136000e-22
3.200000e+01    5.102000e-22
3.210000e+01    5.078000e-22
3.220000e+01    5.054000e-22
3.230000e+01    5.029000e-22
3.240000e+01    5.004000e-22
3.250000e+01    4.992000e-22
3.260000e+01    4.980000e-22
3.270000e+01    4.966000e-22
3.280000e+01    4.954000e-22
3.290000e+01    4.944000e-22
3.300000e+01    4.934000e-22
3.310000e+01    4.924000e-22
3.320000e+01    4.914000e-22
3.330000e+01    4.886000e-22
3.340000e+01    4.856000e-22
3.350000e+01    4.826000e-22
3.360000e+01    4.796000e-22
3.370000e+01    4.788000e-22
3.380000e+01    4.778000e-22
3.390000e+01    4.768000e-22
3.400000e+01    4.758000e-22
3.410000e+01    4.738000e-22
3.420000e+01    4.720000e-22
3.430000e+01    4.700000e-22
3.440000e+01    4.680000e-22
3.450000e+01    4.664800e-22
3.460000e+01    4.647500e-22
3.470000e+01    4.630300e-22
3.480000e+01    4.615000e-22
3.490000e+01    4.593700e-22
3.500000e+01    4.571800e-22
3.510000e+01    4.551800e-22
3.520000e+01    4.530500e-22
3.530000e+01    4.521300e-22
3.540000e+01    4.510000e-22
3.550000e+01    4.500800e-22
3.560000e+01    4.491500e-22
3.570000e+01    4.487000e-22
3.580000e+01    4.481800e-22
3.590000e+01    4.477200e-22
3.600000e+01    4.472000e-22
3.610000e+01    4.448800e-22
3.620000e+01    4.425500e-22
3.630000e+01    4.404300e-22
3.640000e+01    4.381000e-22
3.650000e+01    4.375000e-22
3.660000e+01    4.367000e-22
3.670000e+01    4.361000e-22
3.680000e+01    4.355000e-22
3.690000e+01    4.329000e-22
3.700000e+01    4.303000e-22
3.710000e+01    4.277000e-22
3.720000e+01    4.251000e-22
3.730000e+01    4.241800e-22
3.740000e+01    4.232500e-22
3.750000e+01    4.221300e-22
3.760000e+01    4.212000e-22
3.770000e+01    4.210000e-22
3.780000e+01    4.206000e-22
3.790000e+01    4.202000e-22
3.800000e+01    4.198000e-22
3.810000e+01    4.160300e-22
3.820000e+01    4.120500e-22
3.830000e+01    4.080800e-22
3.840000e+01    4.043000e-22
3.850000e+01    4.029100e-22
3.860000e+01    4.013800e-22
3.870000e+01    3.998500e-22
3.880000e+01    3.984500e-22
3.890000e+01    3.963200e-22
3.900000e+01    3.941300e-22
3.910000e+01    3.922000e-22
3.920000e+01    3.900000e-22
3.930000e+01    3.884000e-22
3.940000e+01    3.868000e-22
3.950000e+01    3.850000e-22
3.960000e+01    3.834000e-22
3.970000e+01    3.820000e-22
3.980000e+01    3.802000e-22
3.990000e+01    3.786000e-22
4.000000e+01    3.770000e-22
5.000000e+01    3.240000e-22
5.039000e+01    3.137772e-22
5.196000e+01    3.004185e-22
5.359000e+01    2.890702e-22
5.527000e+01    2.773815e-22
5.701000e+01    2.652980e-22
5.881000e+01    2.527751e-22
6.068000e+01    2.397695e-22
6.261000e+01    2.263363e-22
6.461000e+01    2.124488e-22
6.668000e+01    1.980643e-22
6.882000e+01    1.833814e-22
7.104000e+01    1.724099e-22
7.333000e+01    1.658309e-22
7.571000e+01    1.592797e-22
7.817000e+01    1.525107e-22
8.071000e+01    1.455109e-22
8.335000e+01    1.382425e-22
8.608000e+01    1.307239e-22
8.890000e+01    1.229654e-22
9.182000e+01    1.149274e-22
9.485000e+01    1.065870e-22
9.798000e+01    9.796633e-23
2.030000e+02    3.019117e-23
3.993000e+02    9.703270e-24
9.390000e+02    2.997304e-24
-----------------------------
