ELASTIC
e+He4-=>e+He4
1.371e-04 
1    1 
-----------------------------
   0.000e+00      5.787e-20 
   1.000e-01      5.787e-20 
   2.000e-01      6.064e-20 
   3.000e-01      6.243e-20 
   4.000e-01      6.372e-20 
   5.000e-01      6.470e-20 
   6.000e-01      6.548e-20 
   7.000e-01      6.610e-20 
   8.000e-01      6.660e-20 
   9.000e-01      6.699e-20 
   1.000e+00      6.733e-20 
   1.100e+00      6.735e-20 
   1.200e+00      6.736e-20 
   1.300e+00      6.738e-20 
   1.400e+00      6.739e-20 
   1.500e+00      6.740e-20 
   1.600e+00      6.742e-20 
   1.700e+00      6.743e-20 
   1.800e+00      6.744e-20 
   1.900e+00      6.745e-20 
   2.000e+00      6.746e-20 
   2.100e+00      6.747e-20 
   2.200e+00      6.747e-20 
   2.300e+00      6.748e-20 
   2.400e+00      6.749e-20 
   2.500e+00      6.750e-20 
   2.600e+00      6.715e-20 
   2.700e+00      6.681e-20 
   2.800e+00      6.649e-20 
   2.900e+00      6.618e-20 
   3.000e+00      6.588e-20 
   3.100e+00      6.560e-20 
   3.200e+00      6.532e-20 
   3.300e+00      6.506e-20 
   3.400e+00      6.480e-20 
   3.500e+00      6.455e-20 
   3.600e+00      6.431e-20 
   3.700e+00      6.408e-20 
   3.800e+00      6.385e-20 
   3.900e+00      6.363e-20 
   4.000e+00      6.342e-20 
   4.100e+00      6.321e-20 
   4.200e+00      6.301e-20 
   4.300e+00      6.281e-20 
   4.400e+00      6.262e-20 
   4.500e+00      6.243e-20 
   4.600e+00      6.225e-20 
   4.700e+00      6.207e-20 
   4.800e+00      6.190e-20 
   4.900e+00      6.173e-20 
   5.000e+00      6.157e-20 
   5.100e+00      6.119e-20 
   5.200e+00      6.082e-20 
   5.300e+00      6.046e-20 
   5.400e+00      6.011e-20 
   5.500e+00      5.976e-20 
   5.600e+00      5.943e-20 
   5.700e+00      5.910e-20 
   5.800e+00      5.878e-20 
   5.900e+00      5.847e-20 
   6.000e+00      5.817e-20 
   6.100e+00      5.787e-20 
   6.200e+00      5.758e-20 
   6.300e+00      5.729e-20 
   6.400e+00      5.701e-20 
   6.500e+00      5.673e-20 
   6.600e+00      5.647e-20 
   6.700e+00      5.620e-20 
   6.800e+00      5.594e-20 
   6.900e+00      5.569e-20 
   7.000e+00      5.544e-20 
   7.100e+00      5.520e-20 
   7.200e+00      5.496e-20 
   7.300e+00      5.472e-20 
   7.400e+00      5.449e-20 
   7.500e+00      5.426e-20 
   7.600e+00      5.392e-20 
   7.700e+00      5.358e-20 
   7.800e+00      5.325e-20 
   7.900e+00      5.292e-20 
   8.000e+00      5.260e-20 
   8.100e+00      5.229e-20 
   8.200e+00      5.198e-20 
   8.300e+00      5.167e-20 
   8.400e+00      5.138e-20 
   8.500e+00      5.109e-20 
   8.600e+00      5.080e-20 
   8.700e+00      5.052e-20 
   8.800e+00      5.024e-20 
   8.900e+00      4.997e-20 
   9.000e+00      4.970e-20 
   9.100e+00      4.943e-20 
   9.200e+00      4.917e-20 
   9.300e+00      4.892e-20 
   9.400e+00      4.867e-20 
   9.500e+00      4.842e-20 
   9.600e+00      4.818e-20 
   9.700e+00      4.794e-20 
   9.800e+00      4.770e-20 
   9.900e+00      4.747e-20 
   1.000e+01      4.724e-20 
   1.010e+01      4.691e-20 
   1.020e+01      4.658e-20 
   1.030e+01      4.626e-20 
   1.040e+01      4.595e-20 
   1.050e+01      4.564e-20 
   1.060e+01      4.534e-20 
   1.070e+01      4.504e-20 
   1.080e+01      4.475e-20 
   1.090e+01      4.446e-20 
   1.100e+01      4.417e-20 
   1.110e+01      4.389e-20 
   1.120e+01      4.362e-20 
   1.130e+01      4.334e-20 
   1.140e+01      4.308e-20 
   1.150e+01      4.281e-20 
   1.160e+01      4.255e-20 
   1.170e+01      4.230e-20 
   1.180e+01      4.204e-20 
   1.190e+01      4.179e-20 
   1.200e+01      4.155e-20 
   1.210e+01      4.131e-20 
   1.220e+01      4.107e-20 
   1.230e+01      4.083e-20 
   1.240e+01      4.060e-20 
   1.250e+01      4.037e-20 
   1.260e+01      4.015e-20 
   1.270e+01      3.992e-20 
   1.280e+01      3.970e-20 
   1.290e+01      3.949e-20 
   1.300e+01      3.927e-20 
   1.310e+01      3.906e-20 
   1.320e+01      3.885e-20 
   1.330e+01      3.865e-20 
   1.340e+01      3.845e-20 
   1.350e+01      3.824e-20 
   1.360e+01      3.805e-20 
   1.370e+01      3.785e-20 
   1.380e+01      3.766e-20 
   1.390e+01      3.747e-20 
   1.400e+01      3.728e-20 
   1.410e+01      3.709e-20 
   1.420e+01      3.691e-20 
   1.430e+01      3.673e-20 
   1.440e+01      3.655e-20 
   1.450e+01      3.637e-20 
   1.460e+01      3.619e-20 
   1.470e+01      3.602e-20 
   1.480e+01      3.585e-20 
   1.490e+01      3.568e-20 
   1.500e+01      3.551e-20 
   1.510e+01      3.529e-20 
   1.520e+01      3.507e-20 
   1.530e+01      3.485e-20 
   1.540e+01      3.463e-20 
   1.550e+01      3.442e-20 
   1.560e+01      3.421e-20 
   1.570e+01      3.400e-20 
   1.580e+01      3.380e-20 
   1.590e+01      3.359e-20 
   1.600e+01      3.339e-20 
   1.610e+01      3.320e-20 
   1.620e+01      3.300e-20 
   1.630e+01      3.281e-20 
   1.640e+01      3.262e-20 
   1.650e+01      3.243e-20 
   1.660e+01      3.224e-20 
   1.670e+01      3.206e-20 
   1.680e+01      3.188e-20 
   1.690e+01      3.170e-20 
   1.700e+01      3.152e-20 
   1.710e+01      3.135e-20 
   1.720e+01      3.117e-20 
   1.730e+01      3.100e-20 
   1.740e+01      3.083e-20 
   1.750e+01      3.066e-20 
   1.760e+01      3.050e-20 
   1.770e+01      3.033e-20 
   1.780e+01      3.017e-20 
   1.790e+01      3.001e-20 
   1.800e+01      2.985e-20 
   1.810e+01      2.969e-20 
   1.820e+01      2.954e-20 
   1.830e+01      2.939e-20 
   1.840e+01      2.923e-20 
   1.850e+01      2.908e-20 
   1.860e+01      2.893e-20 
   1.870e+01      2.879e-20 
   1.880e+01      2.864e-20 
   1.890e+01      2.850e-20 
   1.900e+01      2.835e-20 
   1.910e+01      2.821e-20 
   1.920e+01      2.807e-20 
   1.930e+01      2.793e-20 
   1.940e+01      2.780e-20 
   1.950e+01      2.766e-20 
   1.960e+01      2.753e-20 
   1.970e+01      2.739e-20 
   1.980e+01      2.726e-20 
   1.990e+01      2.713e-20 
   2.000e+01      2.700e-20 
   2.010e+01      2.684e-20 
   2.020e+01      2.668e-20 
   2.030e+01      2.652e-20 
   2.040e+01      2.637e-20 
   2.050e+01      2.621e-20 
   2.060e+01      2.606e-20 
   2.070e+01      2.591e-20 
   2.080e+01      2.576e-20 
   2.090e+01      2.561e-20 
   2.100e+01      2.546e-20 
   2.110e+01      2.532e-20 
   2.120e+01      2.518e-20 
   2.130e+01      2.503e-20 
   2.140e+01      2.489e-20 
   2.150e+01      2.475e-20 
   2.160e+01      2.462e-20 
   2.170e+01      2.448e-20 
   2.180e+01      2.435e-20 
   2.190e+01      2.421e-20 
   2.200e+01      2.408e-20 
   2.210e+01      2.395e-20 
   2.220e+01      2.382e-20 
   2.230e+01      2.369e-20 
   2.240e+01      2.356e-20 
   2.250e+01      2.344e-20 
   2.260e+01      2.331e-20 
   2.270e+01      2.319e-20 
   2.280e+01      2.307e-20 
   2.290e+01      2.295e-20 
   2.300e+01      2.283e-20 
   2.310e+01      2.271e-20 
   2.320e+01      2.259e-20 
   2.330e+01      2.248e-20 
   2.340e+01      2.236e-20 
   2.350e+01      2.225e-20 
   2.360e+01      2.213e-20 
   2.370e+01      2.202e-20 
   2.380e+01      2.191e-20 
   2.390e+01      2.180e-20 
   2.400e+01      2.169e-20 
   2.410e+01      2.158e-20 
   2.420e+01      2.147e-20 
   2.430e+01      2.137e-20 
   2.440e+01      2.126e-20 
   2.450e+01      2.116e-20 
   2.460e+01      2.106e-20 
   2.470e+01      2.095e-20 
   2.480e+01      2.085e-20 
   2.490e+01      2.075e-20 
   2.500e+01      2.065e-20 
   2.510e+01      2.055e-20 
   2.520e+01      2.045e-20 
   2.530e+01      2.036e-20 
   2.540e+01      2.026e-20 
   2.550e+01      2.017e-20 
   2.560e+01      2.007e-20 
   2.570e+01      1.998e-20 
   2.580e+01      1.988e-20 
   2.590e+01      1.979e-20 
   2.600e+01      1.970e-20 
   2.610e+01      1.961e-20 
   2.620e+01      1.952e-20 
   2.630e+01      1.943e-20 
   2.640e+01      1.934e-20 
   2.650e+01      1.926e-20 
   2.660e+01      1.917e-20 
   2.670e+01      1.908e-20 
   2.680e+01      1.900e-20 
   2.690e+01      1.891e-20 
   2.700e+01      1.883e-20 
   2.710e+01      1.874e-20 
   2.720e+01      1.866e-20 
   2.730e+01      1.858e-20 
   2.740e+01      1.850e-20 
   2.750e+01      1.842e-20 
   2.760e+01      1.834e-20 
   2.770e+01      1.826e-20 
   2.780e+01      1.818e-20 
   2.790e+01      1.810e-20 
   2.800e+01      1.802e-20 
   2.810e+01      1.795e-20 
   2.820e+01      1.787e-20 
   2.830e+01      1.779e-20 
   2.840e+01      1.772e-20 
   2.850e+01      1.764e-20 
   2.860e+01      1.757e-20 
   2.870e+01      1.750e-20 
   2.880e+01      1.742e-20 
   2.890e+01      1.735e-20 
   2.900e+01      1.728e-20 
   2.910e+01      1.721e-20 
   2.920e+01      1.714e-20 
   2.930e+01      1.707e-20 
   2.940e+01      1.700e-20 
   2.950e+01      1.693e-20 
   2.960e+01      1.686e-20 
   2.970e+01      1.679e-20 
   2.980e+01      1.672e-20 
   2.990e+01      1.666e-20 
   3.000e+01      1.659e-20 
   3.100e+01      1.584e-20 
   3.200e+01      1.515e-20 
   3.300e+01      1.450e-20 
   3.400e+01      1.391e-20 
   3.500e+01      1.335e-20 
   3.600e+01      1.283e-20 
   3.700e+01      1.234e-20 
   3.800e+01      1.189e-20 
   3.900e+01      1.146e-20 
   4.000e+01      1.106e-20 
   4.100e+01      1.065e-20 
   4.200e+01      1.027e-20 
   4.300e+01      9.912e-21 
   4.400e+01      9.573e-21 
   4.500e+01      9.253e-21 
   4.600e+01      8.950e-21 
   4.700e+01      8.663e-21 
   4.800e+01      8.392e-21 
   4.900e+01      8.134e-21 
   5.000e+01      7.889e-21 
   5.100e+01      7.648e-21 
   5.200e+01      7.419e-21 
   5.300e+01      7.201e-21 
   5.400e+01      6.993e-21 
   5.500e+01      6.795e-21 
   5.600e+01      6.606e-21 
   5.700e+01      6.426e-21 
   5.800e+01      6.253e-21 
   5.900e+01      6.088e-21 
   6.000e+01      5.930e-21 
   6.100e+01      5.776e-21 
   6.200e+01      5.628e-21 
   6.300e+01      5.487e-21 
   6.400e+01      5.351e-21 
   6.500e+01      5.221e-21 
   6.600e+01      5.095e-21 
   6.700e+01      4.975e-21 
   6.800e+01      4.859e-21 
   6.900e+01      4.747e-21 
   7.000e+01      4.640e-21 
   7.100e+01      4.536e-21 
   7.200e+01      4.435e-21 
   7.300e+01      4.338e-21 
   7.400e+01      4.245e-21 
   7.500e+01      4.155e-21 
   7.600e+01      4.068e-21 
   7.700e+01      3.983e-21 
   7.800e+01      3.902e-21 
   7.900e+01      3.823e-21 
   8.000e+01      3.747e-21 
   8.100e+01      3.673e-21 
   8.200e+01      3.601e-21 
   8.300e+01      3.532e-21 
   8.400e+01      3.464e-21 
   8.500e+01      3.399e-21 
   8.600e+01      3.336e-21 
   8.700e+01      3.274e-21 
   8.800e+01      3.215e-21 
   8.900e+01      3.157e-21 
   9.000e+01      3.101e-21 
   9.100e+01      3.046e-21 
   9.200e+01      2.993e-21 
   9.300e+01      2.941e-21 
   9.400e+01      2.891e-21 
   9.500e+01      2.842e-21 
   9.600e+01      2.795e-21 
   9.700e+01      2.748e-21 
   9.800e+01      2.703e-21 
   9.900e+01      2.659e-21 
   1.000e+02      2.617e-21 
   1.100e+02      2.240e-21 
   1.200e+02      1.943e-21 
   1.300e+02      1.705e-21 
   1.400e+02      1.511e-21 
   1.500e+02      1.350e-21 
   1.600e+02      1.212e-21 
   1.700e+02      1.095e-21 
   1.800e+02      9.954e-22 
   1.900e+02      9.094e-22 
   2.000e+02      8.348e-22 
   2.100e+02      7.685e-22 
   2.200e+02      7.103e-22 
   2.300e+02      6.588e-22 
   2.400e+02      6.130e-22 
   2.500e+02      5.720e-22 
   2.600e+02      5.349e-22 
   2.700e+02      5.015e-22 
   2.800e+02      4.713e-22 
   2.900e+02      4.439e-22 
   3.000e+02      4.189e-22 
   3.100e+02      3.959e-22 
   3.200e+02      3.749e-22 
   3.300e+02      3.555e-22 
   3.400e+02      3.377e-22 
   3.500e+02      3.213e-22 
   3.600e+02      3.060e-22 
   3.700e+02      2.919e-22 
   3.800e+02      2.787e-22 
   3.900e+02      2.665e-22 
   4.000e+02      2.551e-22 
   4.100e+02      2.444e-22 
   4.200e+02      2.343e-22 
   4.300e+02      2.250e-22 
   4.400e+02      2.161e-22 
   4.500e+02      2.079e-22 
   4.600e+02      2.000e-22 
   4.700e+02      1.927e-22 
   4.800e+02      1.857e-22 
   4.900e+02      1.792e-22 
   5.000e+02      1.729e-22 
   5.100e+02      1.670e-22 
   5.200e+02      1.615e-22 
   5.300e+02      1.562e-22 
   5.400e+02      1.511e-22 
   5.500e+02      1.464e-22 
   5.600e+02      1.418e-22 
   5.700e+02      1.375e-22 
   5.800e+02      1.333e-22 
   5.900e+02      1.294e-22 
   6.000e+02      1.256e-22 
   6.100e+02      1.220e-22 
   6.200e+02      1.186e-22 
   6.300e+02      1.153e-22 
   6.400e+02      1.121e-22 
   6.500e+02      1.091e-22 
   6.600e+02      1.062e-22 
   6.700e+02      1.034e-22 
   6.800e+02      1.008e-22 
   6.900e+02      9.820e-23 
   7.000e+02      9.573e-23 
   7.100e+02      9.337e-23 
   7.200e+02      9.109e-23 
   7.300e+02      8.890e-23 
   7.400e+02      8.679e-23 
   7.500e+02      8.476e-23 
   7.600e+02      8.280e-23 
   7.700e+02      8.091e-23 
   7.800e+02      7.908e-23 
   7.900e+02      7.732e-23 
   8.000e+02      7.561e-23 
   8.100e+02      7.396e-23 
   8.200e+02      7.237e-23 
   8.300e+02      7.082e-23 
   8.400e+02      6.933e-23 
   8.500e+02      6.789e-23 
   8.600e+02      6.649e-23 
   8.700e+02      6.514e-23 
   8.800e+02      6.384e-23 
   8.900e+02      6.257e-23 
   9.000e+02      6.134e-23 
   9.100e+02      6.015e-23 
   9.200e+02      5.899e-23 
   9.300e+02      5.787e-23 
   9.400e+02      5.678e-23 
   9.500e+02      5.572e-23 
   9.600e+02      5.469e-23 
   9.700e+02      5.368e-23 
   9.800e+02      5.271e-23 
   9.900e+02      5.177e-23 
   1.000e+03      5.085e-23 
-----------------------------

EXCITATION
e+He4=>e+He4eff
19.8 0 1 
1    1 
-----------------------------
   0.000e+00      0.000e+00 
   1.000e-01      0.000e+00 
   2.000e-01      0.000e+00 
   3.000e-01      0.000e+00 
   4.000e-01      0.000e+00 
   5.000e-01      0.000e+00 
   6.000e-01      0.000e+00 
   7.000e-01      0.000e+00 
   8.000e-01      0.000e+00 
   9.000e-01      0.000e+00 
   1.000e+00      0.000e+00 
   1.100e+00      0.000e+00 
   1.200e+00      0.000e+00 
   1.300e+00      0.000e+00 
   1.400e+00      0.000e+00 
   1.500e+00      0.000e+00 
   1.600e+00      0.000e+00 
   1.700e+00      0.000e+00 
   1.800e+00      0.000e+00 
   1.900e+00      0.000e+00 
   2.000e+00      0.000e+00 
   2.100e+00      0.000e+00 
   2.200e+00      0.000e+00 
   2.300e+00      0.000e+00 
   2.400e+00      0.000e+00 
   2.500e+00      0.000e+00 
   2.600e+00      0.000e+00 
   2.700e+00      0.000e+00 
   2.800e+00      0.000e+00 
   2.900e+00      0.000e+00 
   3.000e+00      0.000e+00 
   3.100e+00      0.000e+00 
   3.200e+00      0.000e+00 
   3.300e+00      0.000e+00 
   3.400e+00      0.000e+00 
   3.500e+00      0.000e+00 
   3.600e+00      0.000e+00 
   3.700e+00      0.000e+00 
   3.800e+00      0.000e+00 
   3.900e+00      0.000e+00 
   4.000e+00      0.000e+00 
   4.100e+00      0.000e+00 
   4.200e+00      0.000e+00 
   4.300e+00      0.000e+00 
   4.400e+00      0.000e+00 
   4.500e+00      0.000e+00 
   4.600e+00      0.000e+00 
   4.700e+00      0.000e+00 
   4.800e+00      0.000e+00 
   4.900e+00      0.000e+00 
   5.000e+00      0.000e+00 
   5.100e+00      0.000e+00 
   5.200e+00      0.000e+00 
   5.300e+00      0.000e+00 
   5.400e+00      0.000e+00 
   5.500e+00      0.000e+00 
   5.600e+00      0.000e+00 
   5.700e+00      0.000e+00 
   5.800e+00      0.000e+00 
   5.900e+00      0.000e+00 
   6.000e+00      0.000e+00 
   6.100e+00      0.000e+00 
   6.200e+00      0.000e+00 
   6.300e+00      0.000e+00 
   6.400e+00      0.000e+00 
   6.500e+00      0.000e+00 
   6.600e+00      0.000e+00 
   6.700e+00      0.000e+00 
   6.800e+00      0.000e+00 
   6.900e+00      0.000e+00 
   7.000e+00      0.000e+00 
   7.100e+00      0.000e+00 
   7.200e+00      0.000e+00 
   7.300e+00      0.000e+00 
   7.400e+00      0.000e+00 
   7.500e+00      0.000e+00 
   7.600e+00      0.000e+00 
   7.700e+00      0.000e+00 
   7.800e+00      0.000e+00 
   7.900e+00      0.000e+00 
   8.000e+00      0.000e+00 
   8.100e+00      0.000e+00 
   8.200e+00      0.000e+00 
   8.300e+00      0.000e+00 
   8.400e+00      0.000e+00 
   8.500e+00      0.000e+00 
   8.600e+00      0.000e+00 
   8.700e+00      0.000e+00 
   8.800e+00      0.000e+00 
   8.900e+00      0.000e+00 
   9.000e+00      0.000e+00 
   9.100e+00      0.000e+00 
   9.200e+00      0.000e+00 
   9.300e+00      0.000e+00 
   9.400e+00      0.000e+00 
   9.500e+00      0.000e+00 
   9.600e+00      0.000e+00 
   9.700e+00      0.000e+00 
   9.800e+00      0.000e+00 
   9.900e+00      0.000e+00 
   1.000e+01      0.000e+00 
   1.010e+01      0.000e+00 
   1.020e+01      0.000e+00 
   1.030e+01      0.000e+00 
   1.040e+01      0.000e+00 
   1.050e+01      0.000e+00 
   1.060e+01      0.000e+00 
   1.070e+01      0.000e+00 
   1.080e+01      0.000e+00 
   1.090e+01      0.000e+00 
   1.100e+01      0.000e+00 
   1.110e+01      0.000e+00 
   1.120e+01      0.000e+00 
   1.130e+01      0.000e+00 
   1.140e+01      0.000e+00 
   1.150e+01      0.000e+00 
   1.160e+01      0.000e+00 
   1.170e+01      0.000e+00 
   1.180e+01      0.000e+00 
   1.190e+01      0.000e+00 
   1.200e+01      0.000e+00 
   1.210e+01      0.000e+00 
   1.220e+01      0.000e+00 
   1.230e+01      0.000e+00 
   1.240e+01      0.000e+00 
   1.250e+01      0.000e+00 
   1.260e+01      0.000e+00 
   1.270e+01      0.000e+00 
   1.280e+01      0.000e+00 
   1.290e+01      0.000e+00 
   1.300e+01      0.000e+00 
   1.310e+01      0.000e+00 
   1.320e+01      0.000e+00 
   1.330e+01      0.000e+00 
   1.340e+01      0.000e+00 
   1.350e+01      0.000e+00 
   1.360e+01      0.000e+00 
   1.370e+01      0.000e+00 
   1.380e+01      0.000e+00 
   1.390e+01      0.000e+00 
   1.400e+01      0.000e+00 
   1.410e+01      0.000e+00 
   1.420e+01      0.000e+00 
   1.430e+01      0.000e+00 
   1.440e+01      0.000e+00 
   1.450e+01      0.000e+00 
   1.460e+01      0.000e+00 
   1.470e+01      0.000e+00 
   1.480e+01      0.000e+00 
   1.490e+01      0.000e+00 
   1.500e+01      0.000e+00 
   1.510e+01      0.000e+00 
   1.520e+01      0.000e+00 
   1.530e+01      0.000e+00 
   1.540e+01      0.000e+00 
   1.550e+01      0.000e+00 
   1.560e+01      0.000e+00 
   1.570e+01      0.000e+00 
   1.580e+01      0.000e+00 
   1.590e+01      0.000e+00 
   1.600e+01      0.000e+00 
   1.610e+01      0.000e+00 
   1.620e+01      0.000e+00 
   1.630e+01      0.000e+00 
   1.640e+01      0.000e+00 
   1.650e+01      0.000e+00 
   1.660e+01      0.000e+00 
   1.670e+01      0.000e+00 
   1.680e+01      0.000e+00 
   1.690e+01      0.000e+00 
   1.700e+01      0.000e+00 
   1.710e+01      0.000e+00 
   1.720e+01      0.000e+00 
   1.730e+01      0.000e+00 
   1.740e+01      0.000e+00 
   1.750e+01      0.000e+00 
   1.760e+01      0.000e+00 
   1.770e+01      0.000e+00 
   1.780e+01      0.000e+00 
   1.790e+01      0.000e+00 
   1.800e+01      0.000e+00 
   1.810e+01      0.000e+00 
   1.820e+01      0.000e+00 
   1.830e+01      0.000e+00 
   1.840e+01      0.000e+00 
   1.850e+01      0.000e+00 
   1.860e+01      0.000e+00 
   1.870e+01      0.000e+00 
   1.880e+01      0.000e+00 
   1.890e+01      0.000e+00 
   1.900e+01      0.000e+00 
   1.910e+01      0.000e+00 
   1.920e+01      0.000e+00 
   1.930e+01      0.000e+00 
   1.940e+01      0.000e+00 
   1.950e+01      0.000e+00 
   1.960e+01      0.000e+00 
   1.970e+01      0.000e+00 
   1.980e+01      0.000e+00 
   1.990e+01      1.000e-22 
   2.000e+01      2.000e-22 
   2.010e+01      2.714e-22 
   2.020e+01      3.500e-22 
   2.030e+01      3.813e-22 
   2.040e+01      4.000e-22 
   2.050e+01      3.800e-22 
   2.060e+01      3.300e-22 
   2.070e+01      3.297e-22 
   2.080e+01      3.971e-22 
   2.090e+01      4.437e-22 
   2.100e+01      4.950e-22 
   2.110e+01      5.140e-22 
   2.120e+01      5.149e-22 
   2.130e+01      5.218e-22 
   2.140e+01      5.424e-22 
   2.150e+01      5.630e-22 
   2.160e+01      5.775e-22 
   2.170e+01      5.921e-22 
   2.180e+01      6.067e-22 
   2.190e+01      6.161e-22 
   2.200e+01      6.256e-22 
   2.210e+01      6.419e-22 
   2.220e+01      6.576e-22 
   2.230e+01      6.733e-22 
   2.240e+01      6.890e-22 
   2.250e+01      7.447e-22 
   2.260e+01      7.981e-22 
   2.270e+01      7.865e-22 
   2.280e+01      7.627e-22 
   2.290e+01      7.650e-22 
   2.300e+01      7.674e-22 
   2.310e+01      7.753e-22 
   2.320e+01      7.844e-22 
   2.330e+01      7.935e-22 
   2.340e+01      8.027e-22 
   2.350e+01      8.118e-22 
   2.360e+01      8.238e-22 
   2.370e+01      8.387e-22 
   2.380e+01      8.526e-22 
   2.390e+01      8.668e-22 
   2.400e+01      8.809e-22 
   2.410e+01      8.899e-22 
   2.420e+01      8.982e-22 
   2.430e+01      9.064e-22 
   2.440e+01      9.146e-22 
   2.450e+01      9.228e-22 
   2.460e+01      9.311e-22 
   2.470e+01      9.393e-22 
   2.480e+01      9.475e-22 
   2.490e+01      9.557e-22 
   2.500e+01      9.640e-22 
   2.510e+01      9.722e-22 
   2.520e+01      9.804e-22 
   2.530e+01      9.886e-22 
   2.540e+01      9.971e-22 
   2.550e+01      1.006e-21 
   2.560e+01      1.014e-21 
   2.570e+01      1.023e-21 
   2.580e+01      1.031e-21 
   2.590e+01      1.040e-21 
   2.600e+01      1.048e-21 
   2.610e+01      1.054e-21 
   2.620e+01      1.059e-21 
   2.630e+01      1.064e-21 
   2.640e+01      1.070e-21 
   2.650e+01      1.075e-21 
   2.660e+01      1.081e-21 
   2.670e+01      1.088e-21 
   2.680e+01      1.094e-21 
   2.690e+01      1.100e-21 
   2.700e+01      1.106e-21 
   2.710e+01      1.112e-21 
   2.720e+01      1.118e-21 
   2.730e+01      1.124e-21 
   2.740e+01      1.130e-21 
   2.750e+01      1.136e-21 
   2.760e+01      1.142e-21 
   2.770e+01      1.148e-21 
   2.780e+01      1.154e-21 
   2.790e+01      1.160e-21 
   2.800e+01      1.167e-21 
   2.810e+01      1.173e-21 
   2.820e+01      1.179e-21 
   2.830e+01      1.185e-21 
   2.840e+01      1.191e-21 
   2.850e+01      1.197e-21 
   2.860e+01      1.203e-21 
   2.870e+01      1.209e-21 
   2.880e+01      1.215e-21 
   2.890e+01      1.221e-21 
   2.900e+01      1.227e-21 
   2.910e+01      1.233e-21 
   2.920e+01      1.240e-21 
   2.930e+01      1.246e-21 
   2.940e+01      1.252e-21 
   2.950e+01      1.258e-21 
   2.960e+01      1.264e-21 
   2.970e+01      1.270e-21 
   2.980e+01      1.276e-21 
   2.990e+01      1.282e-21 
   3.000e+01      1.288e-21 
   3.100e+01      1.319e-21 
   3.200e+01      1.343e-21 
   3.300e+01      1.367e-21 
   3.400e+01      1.391e-21 
   3.500e+01      1.414e-21 
   3.600e+01      1.437e-21 
   3.700e+01      1.460e-21 
   3.800e+01      1.484e-21 
   3.900e+01      1.507e-21 
   4.000e+01      1.530e-21 
   4.100e+01      1.549e-21 
   4.200e+01      1.567e-21 
   4.300e+01      1.585e-21 
   4.400e+01      1.603e-21 
   4.500e+01      1.620e-21 
   4.600e+01      1.637e-21 
   4.700e+01      1.654e-21 
   4.800e+01      1.672e-21 
   4.900e+01      1.689e-21 
   5.000e+01      1.706e-21 
   5.100e+01      1.712e-21 
   5.200e+01      1.719e-21 
   5.300e+01      1.725e-21 
   5.400e+01      1.731e-21 
   5.500e+01      1.738e-21 
   5.600e+01      1.744e-21 
   5.700e+01      1.750e-21 
   5.800e+01      1.756e-21 
   5.900e+01      1.761e-21 
   6.000e+01      1.766e-21 
   6.100e+01      1.775e-21 
   6.200e+01      1.784e-21 
   6.300e+01      1.793e-21 
   6.400e+01      1.801e-21 
   6.500e+01      1.810e-21 
   6.600e+01      1.819e-21 
   6.700e+01      1.828e-21 
   6.800e+01      1.836e-21 
   6.900e+01      1.845e-21 
   7.000e+01      1.854e-21 
   7.100e+01      1.857e-21 
   7.200e+01      1.861e-21 
   7.300e+01      1.865e-21 
   7.400e+01      1.869e-21 
   7.500e+01      1.872e-21 
   7.600e+01      1.876e-21 
   7.700e+01      1.880e-21 
   7.800e+01      1.883e-21 
   7.900e+01      1.887e-21 
   8.000e+01      1.891e-21 
   8.100e+01      1.881e-21 
   8.200e+01      1.872e-21 
   8.300e+01      1.862e-21 
   8.400e+01      1.853e-21 
   8.500e+01      1.843e-21 
   8.600e+01      1.834e-21 
   8.700e+01      1.824e-21 
   8.800e+01      1.815e-21 
   8.900e+01      1.805e-21 
   9.000e+01      1.796e-21 
   9.100e+01      1.786e-21 
   9.200e+01      1.776e-21 
   9.300e+01      1.767e-21 
   9.400e+01      1.757e-21 
   9.500e+01      1.748e-21 
   9.600e+01      1.738e-21 
   9.700e+01      1.729e-21 
   9.800e+01      1.719e-21 
   9.900e+01      1.710e-21 
   1.000e+02      1.700e-21 
   1.100e+02      1.654e-21 
   1.200e+02      1.607e-21 
   1.300e+02      1.561e-21 
   1.400e+02      1.514e-21 
   1.500e+02      1.468e-21 
   1.600e+02      1.419e-21 
   1.700e+02      1.370e-21 
   1.800e+02      1.321e-21 
   1.900e+02      1.272e-21 
   2.000e+02      1.223e-21 
   2.100e+02      1.214e-21 
   2.200e+02      1.205e-21 
   2.300e+02      1.197e-21 
   2.400e+02      1.188e-21 
   2.500e+02      1.179e-21 
   2.600e+02      1.171e-21 
   2.700e+02      1.162e-21 
   2.800e+02      1.153e-21 
   2.900e+02      1.145e-21 
   3.000e+02      1.136e-21 
   3.100e+02      1.130e-21 
   3.200e+02      1.124e-21 
   3.300e+02      1.119e-21 
   3.400e+02      1.113e-21 
   3.500e+02      1.107e-21 
   3.600e+02      1.102e-21 
   3.700e+02      1.096e-21 
   3.800e+02      1.090e-21 
   3.900e+02      1.085e-21 
   4.000e+02      1.079e-21 
   4.100e+02      1.077e-21 
   4.200e+02      1.074e-21 
   4.300e+02      1.072e-21 
   4.400e+02      1.070e-21 
   4.500e+02      1.068e-21 
   4.600e+02      1.065e-21 
   4.700e+02      1.063e-21 
   4.800e+02      1.061e-21 
   4.900e+02      1.059e-21 
   5.000e+02      1.056e-21 
   5.100e+02      1.054e-21 
   5.200e+02      1.052e-21 
   5.300e+02      1.050e-21 
   5.400e+02      1.047e-21 
   5.500e+02      1.045e-21 
   5.600e+02      1.043e-21 
   5.700e+02      1.041e-21 
   5.800e+02      1.038e-21 
   5.900e+02      1.036e-21 
   6.000e+02      1.034e-21 
   6.100e+02      1.032e-21 
   6.200e+02      1.029e-21 
   6.300e+02      1.027e-21 
   6.400e+02      1.025e-21 
   6.500e+02      1.023e-21 
   6.600e+02      1.020e-21 
   6.700e+02      1.018e-21 
   6.800e+02      1.016e-21 
   6.900e+02      1.014e-21 
   7.000e+02      1.011e-21 
   7.100e+02      1.010e-21 
   7.200e+02      1.008e-21 
   7.300e+02      1.006e-21 
   7.400e+02      1.004e-21 
   7.500e+02      1.002e-21 
   7.600e+02      1.000e-21 
   7.700e+02      9.985e-22 
   7.800e+02      9.967e-22 
   7.900e+02      9.948e-22 
   8.000e+02      9.930e-22 
   8.100e+02      9.911e-22 
   8.200e+02      9.893e-22 
   8.300e+02      9.874e-22 
   8.400e+02      9.856e-22 
   8.500e+02      9.837e-22 
   8.600e+02      9.819e-22 
   8.700e+02      9.800e-22 
   8.800e+02      9.782e-22 
   8.900e+02      9.763e-22 
   9.000e+02      9.745e-22 
   9.100e+02      9.726e-22 
   9.200e+02      9.708e-22 
   9.300e+02      9.689e-22 
   9.400e+02      9.671e-22 
   9.500e+02      9.653e-22 
   9.600e+02      9.634e-22 
   9.700e+02      9.616e-22 
   9.800e+02      9.597e-22 
   9.900e+02      9.579e-22 
   1.000e+03      9.560e-22 
-----------------------------

IONIZATION
e+He4=>2e+He4+
24.6 1 30.0 10.0 
1    1 
-----------------------------
   0.000e+00      0.000e+00 
   1.000e-01      0.000e+00 
   2.000e-01      0.000e+00 
   3.000e-01      0.000e+00 
   4.000e-01      0.000e+00 
   5.000e-01      0.000e+00 
   6.000e-01      0.000e+00 
   7.000e-01      0.000e+00 
   8.000e-01      0.000e+00 
   9.000e-01      0.000e+00 
   1.000e+00      0.000e+00 
   1.100e+00      0.000e+00 
   1.200e+00      0.000e+00 
   1.300e+00      0.000e+00 
   1.400e+00      0.000e+00 
   1.500e+00      0.000e+00 
   1.600e+00      0.000e+00 
   1.700e+00      0.000e+00 
   1.800e+00      0.000e+00 
   1.900e+00      0.000e+00 
   2.000e+00      0.000e+00 
   2.100e+00      0.000e+00 
   2.200e+00      0.000e+00 
   2.300e+00      0.000e+00 
   2.400e+00      0.000e+00 
   2.500e+00      0.000e+00 
   2.600e+00      0.000e+00 
   2.700e+00      0.000e+00 
   2.800e+00      0.000e+00 
   2.900e+00      0.000e+00 
   3.000e+00      0.000e+00 
   3.100e+00      0.000e+00 
   3.200e+00      0.000e+00 
   3.300e+00      0.000e+00 
   3.400e+00      0.000e+00 
   3.500e+00      0.000e+00 
   3.600e+00      0.000e+00 
   3.700e+00      0.000e+00 
   3.800e+00      0.000e+00 
   3.900e+00      0.000e+00 
   4.000e+00      0.000e+00 
   4.100e+00      0.000e+00 
   4.200e+00      0.000e+00 
   4.300e+00      0.000e+00 
   4.400e+00      0.000e+00 
   4.500e+00      0.000e+00 
   4.600e+00      0.000e+00 
   4.700e+00      0.000e+00 
   4.800e+00      0.000e+00 
   4.900e+00      0.000e+00 
   5.000e+00      0.000e+00 
   5.100e+00      0.000e+00 
   5.200e+00      0.000e+00 
   5.300e+00      0.000e+00 
   5.400e+00      0.000e+00 
   5.500e+00      0.000e+00 
   5.600e+00      0.000e+00 
   5.700e+00      0.000e+00 
   5.800e+00      0.000e+00 
   5.900e+00      0.000e+00 
   6.000e+00      0.000e+00 
   6.100e+00      0.000e+00 
   6.200e+00      0.000e+00 
   6.300e+00      0.000e+00 
   6.400e+00      0.000e+00 
   6.500e+00      0.000e+00 
   6.600e+00      0.000e+00 
   6.700e+00      0.000e+00 
   6.800e+00      0.000e+00 
   6.900e+00      0.000e+00 
   7.000e+00      0.000e+00 
   7.100e+00      0.000e+00 
   7.200e+00      0.000e+00 
   7.300e+00      0.000e+00 
   7.400e+00      0.000e+00 
   7.500e+00      0.000e+00 
   7.600e+00      0.000e+00 
   7.700e+00      0.000e+00 
   7.800e+00      0.000e+00 
   7.900e+00      0.000e+00 
   8.000e+00      0.000e+00 
   8.100e+00      0.000e+00 
   8.200e+00      0.000e+00 
   8.300e+00      0.000e+00 
   8.400e+00      0.000e+00 
   8.500e+00      0.000e+00 
   8.600e+00      0.000e+00 
   8.700e+00      0.000e+00 
   8.800e+00      0.000e+00 
   8.900e+00      0.000e+00 
   9.000e+00      0.000e+00 
   9.100e+00      0.000e+00 
   9.200e+00      0.000e+00 
   9.300e+00      0.000e+00 
   9.400e+00      0.000e+00 
   9.500e+00      0.000e+00 
   9.600e+00      0.000e+00 
   9.700e+00      0.000e+00 
   9.800e+00      0.000e+00 
   9.900e+00      0.000e+00 
   1.000e+01      0.000e+00 
   1.010e+01      0.000e+00 
   1.020e+01      0.000e+00 
   1.030e+01      0.000e+00 
   1.040e+01      0.000e+00 
   1.050e+01      0.000e+00 
   1.060e+01      0.000e+00 
   1.070e+01      0.000e+00 
   1.080e+01      0.000e+00 
   1.090e+01      0.000e+00 
   1.100e+01      0.000e+00 
   1.110e+01      0.000e+00 
   1.120e+01      0.000e+00 
   1.130e+01      0.000e+00 
   1.140e+01      0.000e+00 
   1.150e+01      0.000e+00 
   1.160e+01      0.000e+00 
   1.170e+01      0.000e+00 
   1.180e+01      0.000e+00 
   1.190e+01      0.000e+00 
   1.200e+01      0.000e+00 
   1.210e+01      0.000e+00 
   1.220e+01      0.000e+00 
   1.230e+01      0.000e+00 
   1.240e+01      0.000e+00 
   1.250e+01      0.000e+00 
   1.260e+01      0.000e+00 
   1.270e+01      0.000e+00 
   1.280e+01      0.000e+00 
   1.290e+01      0.000e+00 
   1.300e+01      0.000e+00 
   1.310e+01      0.000e+00 
   1.320e+01      0.000e+00 
   1.330e+01      0.000e+00 
   1.340e+01      0.000e+00 
   1.350e+01      0.000e+00 
   1.360e+01      0.000e+00 
   1.370e+01      0.000e+00 
   1.380e+01      0.000e+00 
   1.390e+01      0.000e+00 
   1.400e+01      0.000e+00 
   1.410e+01      0.000e+00 
   1.420e+01      0.000e+00 
   1.430e+01      0.000e+00 
   1.440e+01      0.000e+00 
   1.450e+01      0.000e+00 
   1.460e+01      0.000e+00 
   1.470e+01      0.000e+00 
   1.480e+01      0.000e+00 
   1.490e+01      0.000e+00 
   1.500e+01      0.000e+00 
   1.510e+01      0.000e+00 
   1.520e+01      0.000e+00 
   1.530e+01      0.000e+00 
   1.540e+01      0.000e+00 
   1.550e+01      0.000e+00 
   1.560e+01      0.000e+00 
   1.570e+01      0.000e+00 
   1.580e+01      0.000e+00 
   1.590e+01      0.000e+00 
   1.600e+01      0.000e+00 
   1.610e+01      0.000e+00 
   1.620e+01      0.000e+00 
   1.630e+01      0.000e+00 
   1.640e+01      0.000e+00 
   1.650e+01      0.000e+00 
   1.660e+01      0.000e+00 
   1.670e+01      0.000e+00 
   1.680e+01      0.000e+00 
   1.690e+01      0.000e+00 
   1.700e+01      0.000e+00 
   1.710e+01      0.000e+00 
   1.720e+01      0.000e+00 
   1.730e+01      0.000e+00 
   1.740e+01      0.000e+00 
   1.750e+01      0.000e+00 
   1.760e+01      0.000e+00 
   1.770e+01      0.000e+00 
   1.780e+01      0.000e+00 
   1.790e+01      0.000e+00 
   1.800e+01      0.000e+00 
   1.810e+01      0.000e+00 
   1.820e+01      0.000e+00 
   1.830e+01      0.000e+00 
   1.840e+01      0.000e+00 
   1.850e+01      0.000e+00 
   1.860e+01      0.000e+00 
   1.870e+01      0.000e+00 
   1.880e+01      0.000e+00 
   1.890e+01      0.000e+00 
   1.900e+01      0.000e+00 
   1.910e+01      0.000e+00 
   1.920e+01      0.000e+00 
   1.930e+01      0.000e+00 
   1.940e+01      0.000e+00 
   1.950e+01      0.000e+00 
   1.960e+01      0.000e+00 
   1.970e+01      0.000e+00 
   1.980e+01      0.000e+00 
   1.990e+01      0.000e+00 
   2.000e+01      0.000e+00 
   2.010e+01      0.000e+00 
   2.020e+01      0.000e+00 
   2.030e+01      0.000e+00 
   2.040e+01      0.000e+00 
   2.050e+01      0.000e+00 
   2.060e+01      0.000e+00 
   2.070e+01      0.000e+00 
   2.080e+01      0.000e+00 
   2.090e+01      0.000e+00 
   2.100e+01      0.000e+00 
   2.110e+01      0.000e+00 
   2.120e+01      0.000e+00 
   2.130e+01      0.000e+00 
   2.140e+01      0.000e+00 
   2.150e+01      0.000e+00 
   2.160e+01      0.000e+00 
   2.170e+01      0.000e+00 
   2.180e+01      0.000e+00 
   2.190e+01      0.000e+00 
   2.200e+01      0.000e+00 
   2.210e+01      0.000e+00 
   2.220e+01      0.000e+00 
   2.230e+01      0.000e+00 
   2.240e+01      0.000e+00 
   2.250e+01      0.000e+00 
   2.260e+01      0.000e+00 
   2.270e+01      0.000e+00 
   2.280e+01      0.000e+00 
   2.290e+01      0.000e+00 
   2.300e+01      0.000e+00 
   2.310e+01      0.000e+00 
   2.320e+01      0.000e+00 
   2.330e+01      0.000e+00 
   2.340e+01      0.000e+00 
   2.350e+01      0.000e+00 
   2.360e+01      0.000e+00 
   2.370e+01      0.000e+00 
   2.380e+01      0.000e+00 
   2.390e+01      0.000e+00 
   2.400e+01      0.000e+00 
   2.410e+01      0.000e+00 
   2.420e+01      0.000e+00 
   2.430e+01      0.000e+00 
   2.440e+01      0.000e+00 
   2.450e+01      0.000e+00 
   2.460e+01      0.000e+00 
   2.470e+01      1.500e-23 
   2.480e+01      3.000e-23 
   2.490e+01      4.500e-23 
   2.500e+01      6.000e-23 
   2.510e+01      7.300e-23 
   2.520e+01      8.600e-23 
   2.530e+01      9.900e-23 
   2.540e+01      1.120e-22 
   2.550e+01      1.250e-22 
   2.560e+01      1.380e-22 
   2.570e+01      1.510e-22 
   2.580e+01      1.640e-22 
   2.590e+01      1.770e-22 
   2.600e+01      1.900e-22 
   2.610e+01      2.030e-22 
   2.620e+01      2.160e-22 
   2.630e+01      2.290e-22 
   2.640e+01      2.420e-22 
   2.650e+01      2.550e-22 
   2.660e+01      2.680e-22 
   2.670e+01      2.810e-22 
   2.680e+01      2.940e-22 
   2.690e+01      3.070e-22 
   2.700e+01      3.200e-22 
   2.710e+01      3.330e-22 
   2.720e+01      3.460e-22 
   2.730e+01      3.590e-22 
   2.740e+01      3.720e-22 
   2.750e+01      3.850e-22 
   2.760e+01      3.980e-22 
   2.770e+01      4.110e-22 
   2.780e+01      4.240e-22 
   2.790e+01      4.370e-22 
   2.800e+01      4.500e-22 
   2.810e+01      4.630e-22 
   2.820e+01      4.760e-22 
   2.830e+01      4.890e-22 
   2.840e+01      5.020e-22 
   2.850e+01      5.150e-22 
   2.860e+01      5.280e-22 
   2.870e+01      5.410e-22 
   2.880e+01      5.540e-22 
   2.890e+01      5.670e-22 
   2.900e+01      5.800e-22 
   2.910e+01      5.930e-22 
   2.920e+01      6.060e-22 
   2.930e+01      6.190e-22 
   2.940e+01      6.320e-22 
   2.950e+01      6.450e-22 
   2.960e+01      6.580e-22 
   2.970e+01      6.710e-22 
   2.980e+01      6.840e-22 
   2.990e+01      6.970e-22 
   3.000e+01      7.100e-22 
   3.100e+01      8.400e-22 
   3.200e+01      9.700e-22 
   3.300e+01      1.063e-21 
   3.400e+01      1.155e-21 
   3.500e+01      1.248e-21 
   3.600e+01      1.340e-21 
   3.700e+01      1.433e-21 
   3.800e+01      1.525e-21 
   3.900e+01      1.618e-21 
   4.000e+01      1.710e-21 
   4.100e+01      1.774e-21 
   4.200e+01      1.838e-21 
   4.300e+01      1.902e-21 
   4.400e+01      1.966e-21 
   4.500e+01      2.030e-21 
   4.600e+01      2.094e-21 
   4.700e+01      2.158e-21 
   4.800e+01      2.222e-21 
   4.900e+01      2.286e-21 
   5.000e+01      2.350e-21 
   5.100e+01      2.414e-21 
   5.200e+01      2.478e-21 
   5.300e+01      2.542e-21 
   5.400e+01      2.606e-21 
   5.500e+01      2.670e-21 
   5.600e+01      2.734e-21 
   5.700e+01      2.798e-21 
   5.800e+01      2.862e-21 
   5.900e+01      2.926e-21 
   6.000e+01      2.990e-21 
   6.100e+01      3.011e-21 
   6.200e+01      3.032e-21 
   6.300e+01      3.053e-21 
   6.400e+01      3.074e-21 
   6.500e+01      3.095e-21 
   6.600e+01      3.116e-21 
   6.700e+01      3.137e-21 
   6.800e+01      3.158e-21 
   6.900e+01      3.179e-21 
   7.000e+01      3.200e-21 
   7.100e+01      3.221e-21 
   7.200e+01      3.242e-21 
   7.300e+01      3.263e-21 
   7.400e+01      3.284e-21 
   7.500e+01      3.305e-21 
   7.600e+01      3.326e-21 
   7.700e+01      3.347e-21 
   7.800e+01      3.368e-21 
   7.900e+01      3.389e-21 
   8.000e+01      3.410e-21 
   8.100e+01      3.420e-21 
   8.200e+01      3.429e-21 
   8.300e+01      3.439e-21 
   8.400e+01      3.448e-21 
   8.500e+01      3.458e-21 
   8.600e+01      3.467e-21 
   8.700e+01      3.477e-21 
   8.800e+01      3.486e-21 
   8.900e+01      3.496e-21 
   9.000e+01      3.505e-21 
   9.100e+01      3.515e-21 
   9.200e+01      3.524e-21 
   9.300e+01      3.533e-21 
   9.400e+01      3.543e-21 
   9.500e+01      3.553e-21 
   9.600e+01      3.562e-21 
   9.700e+01      3.571e-21 
   9.800e+01      3.581e-21 
   9.900e+01      3.591e-21 
   1.000e+02      3.600e-21 
   1.100e+02      3.578e-21 
   1.200e+02      3.556e-21 
   1.300e+02      3.534e-21 
   1.400e+02      3.512e-21 
   1.500e+02      3.490e-21 
   1.600e+02      3.468e-21 
   1.700e+02      3.446e-21 
   1.800e+02      3.424e-21 
   1.900e+02      3.402e-21 
   2.000e+02      3.380e-21 
   2.100e+02      3.333e-21 
   2.200e+02      3.286e-21 
   2.300e+02      3.239e-21 
   2.400e+02      3.192e-21 
   2.500e+02      3.145e-21 
   2.600e+02      3.098e-21 
   2.700e+02      3.051e-21 
   2.800e+02      3.004e-21 
   2.900e+02      2.957e-21 
   3.000e+02      2.910e-21 
   3.100e+02      2.863e-21 
   3.200e+02      2.816e-21 
   3.300e+02      2.769e-21 
   3.400e+02      2.722e-21 
   3.500e+02      2.675e-21 
   3.600e+02      2.628e-21 
   3.700e+02      2.581e-21 
   3.800e+02      2.534e-21 
   3.900e+02      2.487e-21 
   4.000e+02      2.440e-21 
   4.100e+02      2.416e-21 
   4.200e+02      2.392e-21 
   4.300e+02      2.368e-21 
   4.400e+02      2.344e-21 
   4.500e+02      2.320e-21 
   4.600e+02      2.296e-21 
   4.700e+02      2.272e-21 
   4.800e+02      2.248e-21 
   4.900e+02      2.224e-21 
   5.000e+02      2.200e-21 
   5.100e+02      2.176e-21 
   5.200e+02      2.152e-21 
   5.300e+02      2.128e-21 
   5.400e+02      2.104e-21 
   5.500e+02      2.080e-21 
   5.600e+02      2.056e-21 
   5.700e+02      2.032e-21 
   5.800e+02      2.008e-21 
   5.900e+02      1.984e-21 
   6.000e+02      1.960e-21 
   6.100e+02      1.936e-21 
   6.200e+02      1.912e-21 
   6.300e+02      1.888e-21 
   6.400e+02      1.864e-21 
   6.500e+02      1.840e-21 
   6.600e+02      1.816e-21 
   6.700e+02      1.792e-21 
   6.800e+02      1.768e-21 
   6.900e+02      1.744e-21 
   7.000e+02      1.720e-21 
   7.100e+02      1.696e-21 
   7.200e+02      1.672e-21 
   7.300e+02      1.648e-21 
   7.400e+02      1.624e-21 
   7.500e+02      1.600e-21 
   7.600e+02      1.576e-21 
   7.700e+02      1.552e-21 
   7.800e+02      1.528e-21 
   7.900e+02      1.504e-21 
   8.000e+02      1.480e-21 
   8.100e+02      1.467e-21 
   8.200e+02      1.454e-21 
   8.300e+02      1.441e-21 
   8.400e+02      1.428e-21 
   8.500e+02      1.415e-21 
   8.600e+02      1.402e-21 
   8.700e+02      1.389e-21 
   8.800e+02      1.376e-21 
   8.900e+02      1.363e-21 
   9.000e+02      1.350e-21 
   9.100e+02      1.337e-21 
   9.200e+02      1.324e-21 
   9.300e+02      1.311e-21 
   9.400e+02      1.298e-21 
   9.500e+02      1.285e-21 
   9.600e+02      1.272e-21 
   9.700e+02      1.259e-21 
   9.800e+02      1.246e-21 
   9.900e+02      1.233e-21 
   1.000e+03      1.220e-21 
-----------------------------

