ELASTIC
e+He=>e+He
1.371e-04 
1    1 
-----------------------------
   1.000e-02      5.200e-20 
   2.000e-02      5.326e-20 
   3.000e-02      5.418e-20 
   4.000e-02      5.493e-20 
   5.000e-02      5.558e-20 
   6.000e-02      5.612e-20 
   7.000e-02      5.663e-20 
   8.000e-02      5.707e-20 
   9.000e-02      5.748e-20 
   1.000e-01      5.788e-20 
   2.000e-01      6.065e-20 
   3.000e-01      6.245e-20 
   4.000e-01      6.375e-20 
   5.000e-01      6.473e-20 
   6.000e-01      6.552e-20 
   7.000e-01      6.617e-20 
   8.000e-01      6.666e-20 
   9.000e-01      6.706e-20 
   1.000e+00      6.740e-20 
   2.500e+00      6.753e-20 
   5.000e+00      6.156e-20 
   7.500e+00      5.424e-20 
   1.000e+01      4.723e-20 
   1.500e+01      3.558e-20 
   2.000e+01      2.706e-20 
   3.000e+01      1.657e-20 
   4.000e+01      1.101e-20 
   5.000e+01      7.851e-21 
   6.000e+01      5.915e-21 
   7.000e+01      4.644e-21 
   8.000e+01      3.763e-21 
   9.000e+01      3.122e-21 
   1.000e+02      2.639e-21 
   1.500e+02      1.362e-21 
   2.000e+02      8.382e-22 
   2.500e+02      5.719e-22 
   3.000e+02      4.173e-22 
   3.500e+02      3.194e-22 
   4.000e+02      2.533e-22 
   4.500e+02      2.064e-22 
   5.000e+02      1.719e-22 
   5.500e+02      1.456e-22 
   6.000e+02      1.252e-22 
   6.500e+02      1.089e-22 
   7.000e+02      9.576e-23 
   7.500e+02      8.488e-23 
   8.000e+02      7.587e-23 
   8.500e+02      6.823e-23 
   9.000e+02      6.178e-23 
   9.500e+02      5.620e-23 
   1.000e+03      5.137e-23 
   1.259e+03      3.453e-23 
   1.585e+03      2.312e-23 
   1.995e+03      1.542e-23 
   2.512e+03      1.025e-23 
   3.162e+03      6.797e-24 
   3.981e+03      4.496e-24 
   5.012e+03      2.967e-24 
   6.310e+03      1.954e-24 
   7.943e+03      1.285e-24 
   1.000e+04      8.436e-25 
   1.259e+04      5.530e-25 
   1.585e+04      3.620e-25 
   1.995e+04      2.367e-25 
   2.512e+04      1.546e-25 
   3.162e+04      1.008e-25 
   3.981e+04      6.572e-26 
   5.012e+04      4.279e-26 
   6.310e+04      2.784e-26 
   7.943e+04      1.809e-26 
   1.000e+05      1.175e-26 
-----------------------------

EXCITATION
e+He=>e+HeFor
19.8 0 1 
1    1 
-----------------------------
   0.000e+00      0.000e+00 
   1.000e-02      0.000e+00 
   1.259e-02      0.000e+00 
   1.585e-02      0.000e+00 
   1.995e-02      0.000e+00 
   2.512e-02      0.000e+00 
   3.162e-02      0.000e+00 
   3.981e-02      0.000e+00 
   5.012e-02      0.000e+00 
   6.310e-02      0.000e+00 
   7.943e-02      0.000e+00 
   1.000e-01      0.000e+00 
   1.259e-01      0.000e+00 
   1.585e-01      0.000e+00 
   1.995e-01      0.000e+00 
   2.512e-01      0.000e+00 
   3.162e-01      0.000e+00 
   3.981e-01      0.000e+00 
   5.012e-01      0.000e+00 
   6.310e-01      0.000e+00 
   7.943e-01      0.000e+00 
   1.000e+00      0.000e+00 
   1.259e+00      0.000e+00 
   1.585e+00      0.000e+00 
   1.995e+00      0.000e+00 
   2.512e+00      0.000e+00 
   3.162e+00      0.000e+00 
   3.981e+00      0.000e+00 
   5.012e+00      0.000e+00 
   6.310e+00      0.000e+00 
   7.943e+00      0.000e+00 
   1.000e+01      0.000e+00 
   1.200e+01      0.000e+00 
   1.400e+01      0.000e+00 
   1.600e+01      0.000e+00 
   1.800e+01      0.000e+00 
   1.982e+01      0.000e+00 
   1.984e+01      1.330e-23 
   1.986e+01      1.308e-22 
   1.988e+01      1.623e-22 
   1.990e+01      1.961e-22 
   1.992e+01      2.294e-22 
   1.994e+01      2.619e-22 
   1.996e+01      2.934e-22 
   1.998e+01      3.226e-22 
   2.000e+01      3.507e-22 
   2.002e+01      3.764e-22 
   2.004e+01      4.004e-22 
   2.006e+01      4.222e-22 
   2.008e+01      4.414e-22 
   2.010e+01      4.593e-22 
   2.012e+01      4.740e-22 
   2.014e+01      4.886e-22 
   2.016e+01      4.993e-22 
   2.018e+01      5.101e-22 
   2.020e+01      5.180e-22 
   2.022e+01      5.252e-22 
   2.024e+01      5.311e-22 
   2.026e+01      5.348e-22 
   2.028e+01      5.385e-22 
   2.030e+01      5.384e-22 
   2.032e+01      5.380e-22 
   2.034e+01      5.360e-22 
   2.036e+01      5.313e-22 
   2.038e+01      5.266e-22 
   2.040e+01      5.186e-22 
   2.042e+01      5.093e-22 
   2.044e+01      5.001e-22 
   2.046e+01      4.876e-22 
   2.048e+01      4.752e-22 
   2.050e+01      4.626e-22 
   2.052e+01      4.452e-22 
   2.054e+01      4.286e-22 
   2.056e+01      4.108e-22 
   2.058e+01      3.832e-22 
   2.060e+01      3.574e-22 
   2.062e+01      3.345e-22 
   2.064e+01      3.408e-22 
   2.066e+01      3.934e-22 
   2.068e+01      4.001e-22 
   2.070e+01      4.202e-22 
   2.072e+01      4.403e-22 
   2.074e+01      4.597e-22 
   2.076e+01      4.818e-22 
   2.078e+01      5.053e-22 
   2.080e+01      5.297e-22 
   2.082e+01      5.542e-22 
   2.084e+01      5.778e-22 
   2.086e+01      6.029e-22 
   2.088e+01      6.295e-22 
   2.090e+01      6.499e-22 
   2.092e+01      6.692e-22 
   2.094e+01      6.858e-22 
   2.096e+01      6.915e-22 
   2.098e+01      6.860e-22 
   2.100e+01      6.986e-22 
   2.102e+01      6.952e-22 
   2.104e+01      6.937e-22 
   2.106e+01      6.906e-22 
   2.108e+01      6.882e-22 
   2.110e+01      6.859e-22 
   2.112e+01      6.852e-22 
   2.114e+01      6.859e-22 
   2.116e+01      6.874e-22 
   2.118e+01      6.889e-22 
   2.120e+01      6.908e-22 
   2.122e+01      6.930e-22 
   2.124e+01      6.951e-22 
   2.126e+01      6.939e-22 
   2.128e+01      6.936e-22 
   2.130e+01      6.945e-22 
   2.132e+01      6.959e-22 
   2.134e+01      6.972e-22 
   2.136e+01      6.984e-22 
   2.138e+01      7.006e-22 
   2.140e+01      7.023e-22 
   2.142e+01      7.041e-22 
   2.144e+01      7.061e-22 
   2.146e+01      7.084e-22 
   2.148e+01      7.109e-22 
   2.150e+01      7.131e-22 
   2.152e+01      7.153e-22 
   2.154e+01      7.174e-22 
   2.156e+01      7.196e-22 
   2.158e+01      7.219e-22 
   2.160e+01      7.241e-22 
   2.162e+01      7.262e-22 
   2.164e+01      7.285e-22 
   2.166e+01      7.307e-22 
   2.168e+01      7.330e-22 
   2.170e+01      7.351e-22 
   2.172e+01      7.371e-22 
   2.174e+01      7.392e-22 
   2.176e+01      7.412e-22 
   2.178e+01      7.431e-22 
   2.180e+01      7.449e-22 
   2.182e+01      7.468e-22 
   2.184e+01      7.485e-22 
   2.186e+01      7.500e-22 
   2.188e+01      7.516e-22 
   2.190e+01      7.532e-22 
   2.192e+01      7.547e-22 
   2.194e+01      7.560e-22 
   2.196e+01      7.574e-22 
   2.198e+01      7.587e-22 
   2.200e+01      7.601e-22 
   2.202e+01      7.615e-22 
   2.204e+01      7.629e-22 
   2.206e+01      7.643e-22 
   2.208e+01      7.655e-22 
   2.210e+01      7.665e-22 
   2.212e+01      7.675e-22 
   2.214e+01      7.684e-22 
   2.216e+01      7.693e-22 
   2.218e+01      7.690e-22 
   2.220e+01      7.679e-22 
   2.222e+01      7.668e-22 
   2.224e+01      7.658e-22 
   2.226e+01      7.630e-22 
   2.228e+01      7.596e-22 
   2.230e+01      7.439e-22 
   2.232e+01      7.229e-22 
   2.234e+01      7.029e-22 
   2.236e+01      6.799e-22 
   2.238e+01      6.583e-22 
   2.240e+01      6.381e-22 
   2.242e+01      6.389e-22 
   2.244e+01      6.620e-22 
   2.246e+01      6.988e-22 
   2.248e+01      7.390e-22 
   2.250e+01      7.829e-22 
   2.252e+01      8.314e-22 
   2.254e+01      8.706e-22 
   2.256e+01      8.685e-22 
   2.258e+01      8.696e-22 
   2.260e+01      8.681e-22 
   2.262e+01      8.558e-22 
   2.264e+01      8.362e-22 
   2.266e+01      7.782e-22 
   2.268e+01      7.407e-22 
   2.270e+01      7.252e-22 
   2.272e+01      7.184e-22 
   2.274e+01      7.136e-22 
   2.276e+01      7.293e-22 
   2.278e+01      7.476e-22 
   2.280e+01      7.649e-22 
   2.282e+01      7.731e-22 
   2.284e+01      7.813e-22 
   2.286e+01      7.873e-22 
   2.288e+01      7.901e-22 
   2.290e+01      7.822e-22 
   2.292e+01      7.735e-22 
   2.294e+01      7.650e-22 
   2.296e+01      7.588e-22 
   2.298e+01      7.556e-22 
   2.300e+01      7.525e-22 
   2.302e+01      7.492e-22 
   2.304e+01      7.460e-22 
   2.306e+01      7.430e-22 
   2.308e+01      7.399e-22 
   2.310e+01      7.373e-22 
   2.312e+01      7.360e-22 
   2.314e+01      7.347e-22 
   2.316e+01      7.333e-22 
   2.318e+01      7.320e-22 
   2.320e+01      7.307e-22 
   2.322e+01      7.309e-22 
   2.324e+01      7.316e-22 
   2.326e+01      7.331e-22 
   2.328e+01      7.345e-22 
   2.330e+01      7.360e-22 
   2.332e+01      7.378e-22 
   2.334e+01      7.401e-22 
   2.336e+01      7.420e-22 
   2.338e+01      7.440e-22 
   2.340e+01      7.451e-22 
   2.342e+01      7.453e-22 
   2.344e+01      7.464e-22 
   2.346e+01      7.486e-22 
   2.348e+01      7.498e-22 
   2.350e+01      7.510e-22 
   2.352e+01      7.522e-22 
   2.354e+01      7.534e-22 
   2.356e+01      7.547e-22 
   2.358e+01      7.556e-22 
   2.360e+01      7.566e-22 
   2.362e+01      7.581e-22 
   2.364e+01      7.595e-22 
   2.366e+01      7.610e-22 
   2.368e+01      7.624e-22 
   2.370e+01      7.609e-22 
   2.372e+01      7.593e-22 
   2.374e+01      7.574e-22 
   2.376e+01      7.559e-22 
   2.378e+01      7.543e-22 
   2.380e+01      7.528e-22 
   2.382e+01      7.514e-22 
   2.384e+01      7.501e-22 
   2.386e+01      7.488e-22 
   2.388e+01      7.476e-22 
   2.390e+01      7.467e-22 
   2.392e+01      7.461e-22 
   2.394e+01      7.454e-22 
   2.396e+01      7.451e-22 
   2.398e+01      7.449e-22 
   2.400e+01      7.447e-22 
   2.402e+01      7.445e-22 
   2.404e+01      7.444e-22 
   2.406e+01      7.445e-22 
   2.408e+01      7.446e-22 
   2.410e+01      7.449e-22 
   2.412e+01      7.453e-22 
   2.414e+01      7.456e-22 
   2.416e+01      7.459e-22 
   2.418e+01      7.463e-22 
   2.420e+01      7.465e-22 
   2.422e+01      7.466e-22 
   2.424e+01      7.476e-22 
   2.426e+01      7.493e-22 
   2.428e+01      7.510e-22 
   2.430e+01      7.527e-22 
   2.432e+01      7.545e-22 
   2.434e+01      7.562e-22 
   2.436e+01      7.575e-22 
   2.438e+01      7.585e-22 
   2.440e+01      7.591e-22 
   2.442e+01      7.598e-22 
   2.444e+01      7.605e-22 
   2.446e+01      7.611e-22 
   2.448e+01      7.617e-22 
   2.450e+01      7.623e-22 
   2.452e+01      7.628e-22 
   2.454e+01      7.629e-22 
   2.456e+01      7.626e-22 
   2.458e+01      7.622e-22 
   2.460e+01      7.619e-22 
   2.462e+01      7.616e-22 
   2.464e+01      7.613e-22 
   2.466e+01      7.609e-22 
   2.468e+01      7.606e-22 
   2.470e+01      7.603e-22 
   2.472e+01      7.599e-22 
   2.474e+01      7.595e-22 
   2.476e+01      7.591e-22 
   2.478e+01      7.587e-22 
   2.480e+01      7.583e-22 
   2.482e+01      7.579e-22 
   2.484e+01      7.575e-22 
   2.486e+01      7.571e-22 
   2.488e+01      7.568e-22 
   2.490e+01      7.566e-22 
   2.492e+01      7.563e-22 
   2.494e+01      7.560e-22 
   2.496e+01      7.557e-22 
   2.498e+01      7.555e-22 
   2.500e+01      7.552e-22 
   2.502e+01      7.549e-22 
   2.504e+01      7.547e-22 
   2.506e+01      7.546e-22 
   2.508e+01      7.546e-22 
   2.510e+01      7.547e-22 
   2.512e+01      7.547e-22 
   2.514e+01      7.548e-22 
   2.516e+01      7.548e-22 
   2.518e+01      7.549e-22 
   2.520e+01      7.549e-22 
   2.522e+01      7.550e-22 
   2.524e+01      7.551e-22 
   2.526e+01      7.551e-22 
   2.528e+01      7.552e-22 
   2.530e+01      7.552e-22 
   2.532e+01      7.553e-22 
   2.534e+01      7.553e-22 
   2.536e+01      7.554e-22 
   2.538e+01      7.554e-22 
   2.540e+01      7.555e-22 
   2.542e+01      7.555e-22 
   2.544e+01      7.556e-22 
   2.546e+01      7.556e-22 
   2.548e+01      7.557e-22 
   2.550e+01      7.557e-22 
   2.552e+01      7.558e-22 
   2.554e+01      7.558e-22 
   2.556e+01      7.559e-22 
   2.558e+01      7.560e-22 
   2.560e+01      7.560e-22 
   2.562e+01      7.561e-22 
   2.564e+01      7.561e-22 
   2.566e+01      7.562e-22 
   2.568e+01      7.562e-22 
   2.570e+01      7.563e-22 
   2.572e+01      7.563e-22 
   2.574e+01      7.564e-22 
   2.576e+01      7.564e-22 
   2.578e+01      7.565e-22 
   2.580e+01      7.565e-22 
   2.582e+01      7.566e-22 
   2.584e+01      7.566e-22 
   2.586e+01      7.567e-22 
   2.588e+01      7.567e-22 
   2.590e+01      7.568e-22 
   2.592e+01      7.569e-22 
   2.594e+01      7.569e-22 
   2.596e+01      7.570e-22 
   2.598e+01      7.570e-22 
   2.600e+01      7.570e-22 
   2.602e+01      7.569e-22 
   2.604e+01      7.569e-22 
   2.606e+01      7.568e-22 
   2.608e+01      7.567e-22 
   2.610e+01      7.567e-22 
   2.612e+01      7.566e-22 
   2.614e+01      7.565e-22 
   2.616e+01      7.565e-22 
   2.618e+01      7.564e-22 
   2.620e+01      7.563e-22 
   2.622e+01      7.563e-22 
   2.624e+01      7.562e-22 
   2.626e+01      7.561e-22 
   2.628e+01      7.560e-22 
   2.630e+01      7.560e-22 
   2.632e+01      7.559e-22 
   2.634e+01      7.558e-22 
   2.636e+01      7.557e-22 
   2.638e+01      7.557e-22 
   2.640e+01      7.556e-22 
   2.642e+01      7.555e-22 
   2.644e+01      7.554e-22 
   2.646e+01      7.554e-22 
   2.648e+01      7.553e-22 
   2.650e+01      7.552e-22 
   2.652e+01      7.551e-22 
   2.654e+01      7.551e-22 
   2.656e+01      7.550e-22 
   2.658e+01      7.549e-22 
   2.660e+01      7.548e-22 
   2.662e+01      7.548e-22 
   2.664e+01      7.547e-22 
   2.666e+01      7.546e-22 
   2.668e+01      7.546e-22 
   2.670e+01      7.545e-22 
   2.672e+01      7.544e-22 
   2.674e+01      7.543e-22 
   2.676e+01      7.543e-22 
   2.678e+01      7.542e-22 
   2.680e+01      7.541e-22 
   2.682e+01      7.540e-22 
   2.684e+01      7.539e-22 
   2.686e+01      7.539e-22 
   2.688e+01      7.538e-22 
   2.690e+01      7.537e-22 
   2.692e+01      7.535e-22 
   2.694e+01      7.534e-22 
   2.696e+01      7.532e-22 
   2.698e+01      7.531e-22 
   2.700e+01      7.530e-22 
   2.702e+01      7.528e-22 
   2.704e+01      7.527e-22 
   2.706e+01      7.525e-22 
   2.708e+01      7.524e-22 
   2.710e+01      7.522e-22 
   2.712e+01      7.520e-22 
   2.714e+01      7.518e-22 
   2.716e+01      7.516e-22 
   2.718e+01      7.514e-22 
   2.720e+01      7.512e-22 
   2.722e+01      7.510e-22 
   2.724e+01      7.507e-22 
   2.726e+01      7.505e-22 
   2.728e+01      7.503e-22 
   2.730e+01      7.501e-22 
   2.732e+01      7.499e-22 
   2.734e+01      7.496e-22 
   2.736e+01      7.494e-22 
   2.738e+01      7.492e-22 
   2.740e+01      7.490e-22 
   2.742e+01      7.488e-22 
   2.744e+01      7.485e-22 
   2.746e+01      7.483e-22 
   2.748e+01      7.481e-22 
   2.750e+01      7.479e-22 
   2.752e+01      7.477e-22 
   2.754e+01      7.474e-22 
   2.756e+01      7.472e-22 
   2.758e+01      7.470e-22 
   2.760e+01      7.468e-22 
   2.762e+01      7.466e-22 
   2.764e+01      7.463e-22 
   2.766e+01      7.461e-22 
   2.768e+01      7.459e-22 
   2.770e+01      7.457e-22 
   2.772e+01      7.455e-22 
   2.774e+01      7.452e-22 
   2.776e+01      7.450e-22 
   2.778e+01      7.448e-22 
   2.780e+01      7.446e-22 
   2.782e+01      7.444e-22 
   2.784e+01      7.441e-22 
   2.786e+01      7.439e-22 
   2.788e+01      7.437e-22 
   2.790e+01      7.434e-22 
   2.792e+01      7.432e-22 
   2.794e+01      7.429e-22 
   2.796e+01      7.427e-22 
   2.798e+01      7.424e-22 
   2.800e+01      7.422e-22 
   2.802e+01      7.419e-22 
   2.804e+01      7.417e-22 
   2.806e+01      7.414e-22 
   2.808e+01      7.412e-22 
   2.810e+01      7.409e-22 
   2.812e+01      7.407e-22 
   2.814e+01      7.404e-22 
   2.816e+01      7.401e-22 
   2.818e+01      7.398e-22 
   2.820e+01      7.396e-22 
   2.822e+01      7.393e-22 
   2.824e+01      7.390e-22 
   2.826e+01      7.387e-22 
   2.828e+01      7.384e-22 
   2.830e+01      7.381e-22 
   2.832e+01      7.378e-22 
   2.834e+01      7.376e-22 
   2.836e+01      7.373e-22 
   2.838e+01      7.370e-22 
   2.840e+01      7.367e-22 
   2.842e+01      7.364e-22 
   2.844e+01      7.361e-22 
   2.846e+01      7.359e-22 
   2.848e+01      7.356e-22 
   2.850e+01      7.353e-22 
   2.852e+01      7.350e-22 
   2.854e+01      7.347e-22 
   2.856e+01      7.344e-22 
   2.858e+01      7.342e-22 
   2.860e+01      7.339e-22 
   2.862e+01      7.336e-22 
   2.864e+01      7.333e-22 
   2.866e+01      7.330e-22 
   2.868e+01      7.327e-22 
   2.870e+01      7.325e-22 
   2.872e+01      7.322e-22 
   2.874e+01      7.319e-22 
   2.876e+01      7.316e-22 
   2.878e+01      7.313e-22 
   2.880e+01      7.310e-22 
   2.882e+01      7.307e-22 
   2.884e+01      7.304e-22 
   2.886e+01      7.301e-22 
   2.888e+01      7.298e-22 
   2.890e+01      7.295e-22 
   2.892e+01      7.292e-22 
   2.894e+01      7.289e-22 
   2.896e+01      7.286e-22 
   2.898e+01      7.283e-22 
   2.900e+01      7.280e-22 
   2.902e+01      7.276e-22 
   2.904e+01      7.273e-22 
   2.906e+01      7.270e-22 
   2.908e+01      7.267e-22 
   2.910e+01      7.263e-22 
   2.912e+01      7.260e-22 
   2.914e+01      7.256e-22 
   2.916e+01      7.252e-22 
   2.918e+01      7.249e-22 
   2.920e+01      7.245e-22 
   2.922e+01      7.242e-22 
   2.924e+01      7.238e-22 
   2.926e+01      7.234e-22 
   2.928e+01      7.231e-22 
   2.930e+01      7.227e-22 
   2.932e+01      7.223e-22 
   2.934e+01      7.220e-22 
   2.936e+01      7.216e-22 
   2.938e+01      7.212e-22 
   2.940e+01      7.209e-22 
   2.942e+01      7.205e-22 
   2.944e+01      7.201e-22 
   2.946e+01      7.198e-22 
   2.948e+01      7.194e-22 
   2.950e+01      7.190e-22 
   2.952e+01      7.187e-22 
   2.954e+01      7.183e-22 
   2.956e+01      7.179e-22 
   2.958e+01      7.176e-22 
   2.960e+01      7.172e-22 
   2.962e+01      7.168e-22 
   2.964e+01      7.165e-22 
   2.966e+01      7.161e-22 
   2.968e+01      7.157e-22 
   2.970e+01      7.153e-22 
   2.972e+01      7.150e-22 
   2.974e+01      7.146e-22 
   2.976e+01      7.142e-22 
   2.978e+01      7.138e-22 
   2.980e+01      7.134e-22 
   2.982e+01      7.130e-22 
   2.984e+01      7.126e-22 
   2.986e+01      7.122e-22 
   2.988e+01      7.118e-22 
   2.990e+01      7.114e-22 
   2.992e+01      7.110e-22 
   2.994e+01      7.106e-22 
   2.996e+01      7.102e-22 
   2.998e+01      7.098e-22 
   3.000e+01      7.094e-22 
   3.100e+01      6.840e-22 
   3.200e+01      6.608e-22 
   3.300e+01      6.379e-22 
   3.400e+01      6.152e-22 
   3.500e+01      5.939e-22 
   3.600e+01      5.742e-22 
   3.700e+01      5.553e-22 
   3.800e+01      5.366e-22 
   3.900e+01      5.187e-22 
   4.000e+01      5.014e-22 
   4.100e+01      4.847e-22 
   4.200e+01      4.686e-22 
   4.300e+01      4.535e-22 
   4.400e+01      4.393e-22 
   4.500e+01      4.259e-22 
   4.600e+01      4.132e-22 
   4.700e+01      4.009e-22 
   4.800e+01      3.893e-22 
   4.900e+01      3.783e-22 
   5.000e+01      3.678e-22 
   5.100e+01      3.580e-22 
   5.200e+01      3.488e-22 
   5.300e+01      3.401e-22 
   5.400e+01      3.317e-22 
   5.500e+01      3.236e-22 
   5.600e+01      3.159e-22 
   5.700e+01      3.085e-22 
   5.800e+01      3.014e-22 
   5.900e+01      2.946e-22 
   6.000e+01      2.881e-22 
   6.100e+01      2.818e-22 
   6.200e+01      2.758e-22 
   6.300e+01      2.701e-22 
   6.400e+01      2.646e-22 
   6.500e+01      2.593e-22 
   6.600e+01      2.543e-22 
   6.700e+01      2.494e-22 
   6.800e+01      2.447e-22 
   6.900e+01      2.402e-22 
   7.000e+01      2.359e-22 
   7.100e+01      2.317e-22 
   7.200e+01      2.277e-22 
   7.300e+01      2.238e-22 
   7.400e+01      2.201e-22 
   7.500e+01      2.165e-22 
   7.600e+01      2.130e-22 
   7.700e+01      2.097e-22 
   7.800e+01      2.064e-22 
   7.900e+01      2.033e-22 
   8.000e+01      2.003e-22 
   8.100e+01      1.974e-22 
   8.200e+01      1.946e-22 
   8.300e+01      1.920e-22 
   8.400e+01      1.893e-22 
   8.500e+01      1.867e-22 
   8.600e+01      1.842e-22 
   8.700e+01      1.818e-22 
   8.800e+01      1.795e-22 
   8.900e+01      1.772e-22 
   9.000e+01      1.750e-22 
   9.100e+01      1.729e-22 
   9.200e+01      1.709e-22 
   9.300e+01      1.689e-22 
   9.400e+01      1.669e-22 
   9.500e+01      1.650e-22 
   9.600e+01      1.632e-22 
   9.700e+01      1.614e-22 
   9.800e+01      1.597e-22 
   9.900e+01      1.580e-22 
   1.000e+02      1.563e-22 
   1.259e+02      1.256e-22 
   1.585e+02      1.036e-22 
   1.995e+02      8.609e-23 
   2.512e+02      7.245e-23 
   3.162e+02      6.020e-23 
   3.981e+02      4.999e-23 
   5.012e+02      4.111e-23 
   6.310e+02      3.350e-23 
   7.943e+02      2.722e-23 
   1.000e+03      2.203e-23 
   1.259e+03      1.774e-23 
   1.585e+03      1.424e-23 
   1.995e+03      1.141e-23 
   2.512e+03      9.126e-24 
   3.162e+03      7.287e-24 
   3.981e+03      5.813e-24 
   5.012e+03      4.633e-24 
   6.310e+03      3.689e-24 
   7.943e+03      2.937e-24 
   1.000e+04      2.337e-24 
   1.259e+04      1.858e-24 
   1.585e+04      1.478e-24 
   1.995e+04      1.175e-24 
   2.512e+04      9.337e-25 
   3.162e+04      7.421e-25 
   3.981e+04      5.897e-25 
   5.012e+04      4.686e-25 
   6.310e+04      3.723e-25 
   7.943e+04      2.958e-25 
   1.000e+05      2.350e-25 
-----------------------------

EXCITATION
e+He=>e+HeAll
21.2 1 1 
1    1 
-----------------------------
   2.300e+01      1.939e-22 
   2.400e+01      2.841e-22 
   2.500e+01      3.827e-22 
   2.600e+01      4.531e-22 
   2.700e+01      5.149e-22 
   2.800e+01      5.703e-22 
   2.900e+01      6.212e-22 
   3.000e+01      6.681e-22 
   3.500e+01      8.584e-22 
   4.000e+01      9.969e-22 
   4.500e+01      1.100e-21 
   5.000e+01      1.176e-21 
   6.000e+01      1.277e-21 
   7.000e+01      1.331e-21 
   8.000e+01      1.358e-21 
   9.000e+01      1.366e-21 
   1.000e+02      1.363e-21 
   1.100e+02      1.352e-21 
   1.200e+02      1.337e-21 
   1.300e+02      1.318e-21 
   1.400e+02      1.298e-21 
   1.500e+02      1.276e-21 
   1.600e+02      1.253e-21 
   1.700e+02      1.231e-21 
   1.800e+02      1.209e-21 
   1.900e+02      1.187e-21 
   2.000e+02      1.165e-21 
   2.250e+02      1.112e-21 
   2.500e+02      1.064e-21 
   2.750e+02      1.019e-21 
   3.000e+02      9.774e-22 
   3.500e+02      9.037e-22 
   4.000e+02      8.406e-22 
   4.500e+02      7.863e-22 
   5.000e+02      7.391e-22 
   6.000e+02      6.608e-22 
   7.000e+02      5.988e-22 
   8.000e+02      5.483e-22 
   9.000e+02      5.063e-22 
   1.000e+03      4.710e-22 
   1.500e+03      3.526e-22 
   2.000e+03      2.849e-22 
   3.000e+03      2.091e-22 
   3.100e+03      2.018e-22 
   3.200e+03      1.969e-22 
   3.300e+03      1.922e-22 
   3.400e+03      1.877e-22 
   3.500e+03      1.834e-22 
   3.600e+03      1.794e-22 
   3.700e+03      1.755e-22 
   3.800e+03      1.719e-22 
   3.900e+03      1.683e-22 
   4.000e+03      1.650e-22 
   4.100e+03      1.618e-22 
   4.200e+03      1.587e-22 
   4.300e+03      1.557e-22 
   4.400e+03      1.529e-22 
   4.500e+03      1.501e-22 
   4.600e+03      1.475e-22 
   4.700e+03      1.450e-22 
   4.800e+03      1.425e-22 
   4.900e+03      1.402e-22 
   5.000e+03      1.379e-22 
   5.100e+03      1.357e-22 
   5.200e+03      1.336e-22 
   5.300e+03      1.316e-22 
   5.400e+03      1.296e-22 
   5.500e+03      1.277e-22 
   5.600e+03      1.258e-22 
   5.700e+03      1.240e-22 
   5.800e+03      1.223e-22 
   5.900e+03      1.206e-22 
   6.000e+03      1.190e-22 
   6.100e+03      1.174e-22 
   6.200e+03      1.158e-22 
   6.300e+03      1.143e-22 
   6.400e+03      1.129e-22 
   6.500e+03      1.114e-22 
   6.600e+03      1.101e-22 
   6.700e+03      1.087e-22 
   6.800e+03      1.074e-22 
   6.900e+03      1.061e-22 
   7.000e+03      1.049e-22 
   7.100e+03      1.037e-22 
   7.200e+03      1.025e-22 
   7.300e+03      1.013e-22 
   7.400e+03      1.002e-22 
   7.500e+03      9.909e-23 
   7.600e+03      9.802e-23 
   7.700e+03      9.697e-23 
   7.800e+03      9.594e-23 
   7.900e+03      9.494e-23 
   8.000e+03      9.396e-23 
   8.100e+03      9.300e-23 
   8.200e+03      9.206e-23 
   8.300e+03      9.114e-23 
   8.400e+03      9.025e-23 
   8.500e+03      8.937e-23 
   8.600e+03      8.851e-23 
   8.700e+03      8.766e-23 
   8.800e+03      8.684e-23 
   8.900e+03      8.603e-23 
   9.000e+03      8.523e-23 
   9.100e+03      8.446e-23 
   9.200e+03      8.369e-23 
   9.300e+03      8.295e-23 
   9.400e+03      8.221e-23 
   9.500e+03      8.149e-23 
   9.600e+03      8.079e-23 
   9.700e+03      8.009e-23 
   9.800e+03      7.941e-23 
   9.900e+03      7.874e-23 
   1.000e+04      7.809e-23 
   1.100e+04      7.212e-23 
   1.200e+04      6.705e-23 
   1.300e+04      6.270e-23 
   1.400e+04      5.891e-23 
   1.500e+04      5.558e-23 
   1.600e+04      5.263e-23 
   1.700e+04      4.999e-23 
   1.800e+04      4.763e-23 
   1.900e+04      4.549e-23 
   2.000e+04      4.355e-23 
   2.100e+04      4.177e-23 
   2.200e+04      4.015e-23 
   2.300e+04      3.865e-23 
   2.400e+04      3.727e-23 
   2.500e+04      3.599e-23 
   2.600e+04      3.480e-23 
   2.700e+04      3.369e-23 
   2.800e+04      3.266e-23 
   2.900e+04      3.169e-23 
   3.000e+04      3.078e-23 
   3.100e+04      2.992e-23 
   3.200e+04      2.911e-23 
   3.300e+04      2.835e-23 
   3.400e+04      2.763e-23 
   3.500e+04      2.695e-23 
   3.600e+04      2.630e-23 
   3.700e+04      2.568e-23 
   3.800e+04      2.510e-23 
   3.900e+04      2.454e-23 
   4.000e+04      2.401e-23 
   4.100e+04      2.350e-23 
   4.200e+04      2.301e-23 
   4.300e+04      2.255e-23 
   4.400e+04      2.210e-23 
   4.500e+04      2.168e-23 
   4.600e+04      2.127e-23 
   4.700e+04      2.087e-23 
   4.800e+04      2.049e-23 
   4.900e+04      2.013e-23 
   5.000e+04      1.978e-23 
   5.100e+04      1.944e-23 
   5.200e+04      1.912e-23 
   5.300e+04      1.880e-23 
   5.400e+04      1.850e-23 
   5.500e+04      1.820e-23 
   5.600e+04      1.792e-23 
   5.700e+04      1.765e-23 
   5.800e+04      1.738e-23 
   5.900e+04      1.712e-23 
   6.000e+04      1.687e-23 
   6.100e+04      1.663e-23 
   6.200e+04      1.640e-23 
   6.300e+04      1.617e-23 
   6.400e+04      1.595e-23 
   6.500e+04      1.573e-23 
   6.600e+04      1.552e-23 
   6.700e+04      1.532e-23 
   6.800e+04      1.512e-23 
   6.900e+04      1.493e-23 
   7.000e+04      1.475e-23 
   7.100e+04      1.456e-23 
   7.200e+04      1.439e-23 
   7.300e+04      1.421e-23 
   7.400e+04      1.404e-23 
   7.500e+04      1.388e-23 
   7.600e+04      1.372e-23 
   7.700e+04      1.356e-23 
   7.800e+04      1.341e-23 
   7.900e+04      1.326e-23 
   8.000e+04      1.312e-23 
   8.100e+04      1.297e-23 
   8.200e+04      1.283e-23 
   8.300e+04      1.270e-23 
   8.400e+04      1.257e-23 
   8.500e+04      1.244e-23 
   8.600e+04      1.231e-23 
   8.700e+04      1.218e-23 
   8.800e+04      1.206e-23 
   8.900e+04      1.194e-23 
   9.000e+04      1.183e-23 
   9.100e+04      1.171e-23 
   9.200e+04      1.160e-23 
   9.300e+04      1.149e-23 
   9.400e+04      1.138e-23 
   9.500e+04      1.128e-23 
   9.600e+04      1.117e-23 
   9.700e+04      1.107e-23 
   9.800e+04      1.097e-23 
   9.900e+04      1.087e-23 
   1.000e+05      1.078e-23 
-----------------------------

IONIZATION
e+He=>2e+He+
24.6 1 25.0 10.0 
1    1 
-----------------------------
   2.460e+01      1.695e-24 
   2.480e+01      2.858e-23 
   2.500e+01      5.540e-23 
   2.520e+01      8.215e-23 
   2.540e+01      1.088e-22 
   2.560e+01      1.355e-22 
   2.580e+01      1.620e-22 
   2.600e+01      1.884e-22 
   2.620e+01      2.148e-22 
   2.640e+01      2.411e-22 
   2.660e+01      2.673e-22 
   2.680e+01      2.933e-22 
   2.700e+01      3.193e-22 
   2.720e+01      3.452e-22 
   2.740e+01      3.710e-22 
   2.760e+01      3.966e-22 
   2.780e+01      4.222e-22 
   2.800e+01      4.476e-22 
   2.820e+01      4.730e-22 
   2.840e+01      4.982e-22 
   2.860e+01      5.232e-22 
   2.880e+01      5.482e-22 
   2.900e+01      5.730e-22 
   2.920e+01      5.978e-22 
   2.940e+01      6.223e-22 
   2.960e+01      6.468e-22 
   2.980e+01      6.711e-22 
   3.000e+01      6.953e-22 
   3.020e+01      7.194e-22 
   3.040e+01      7.433e-22 
   3.060e+01      7.671e-22 
   3.080e+01      7.908e-22 
   3.100e+01      8.144e-22 
   3.120e+01      8.378e-22 
   3.140e+01      8.610e-22 
   3.160e+01      8.842e-22 
   3.180e+01      9.072e-22 
   3.200e+01      9.300e-22 
   3.220e+01      9.527e-22 
   3.240e+01      9.753e-22 
   3.260e+01      9.978e-22 
   3.280e+01      1.020e-21 
   3.300e+01      1.042e-21 
   3.320e+01      1.064e-21 
   3.340e+01      1.086e-21 
   3.360e+01      1.108e-21 
   3.380e+01      1.130e-21 
   3.400e+01      1.151e-21 
   3.420e+01      1.172e-21 
   3.440e+01      1.194e-21 
   3.460e+01      1.215e-21 
   3.480e+01      1.236e-21 
   3.500e+01      1.256e-21 
   3.520e+01      1.277e-21 
   3.540e+01      1.298e-21 
   3.560e+01      1.318e-21 
   3.580e+01      1.338e-21 
   3.600e+01      1.358e-21 
   3.620e+01      1.378e-21 
   3.640e+01      1.398e-21 
   3.660e+01      1.418e-21 
   3.680e+01      1.438e-21 
   3.700e+01      1.457e-21 
   3.720e+01      1.476e-21 
   3.740e+01      1.496e-21 
   3.760e+01      1.515e-21 
   3.780e+01      1.534e-21 
   3.800e+01      1.552e-21 
   3.820e+01      1.571e-21 
   3.840e+01      1.590e-21 
   3.860e+01      1.608e-21 
   3.880e+01      1.626e-21 
   3.900e+01      1.644e-21 
   3.920e+01      1.662e-21 
   3.940e+01      1.680e-21 
   3.960e+01      1.698e-21 
   3.980e+01      1.716e-21 
   4.000e+01      1.733e-21 
   4.020e+01      1.751e-21 
   4.040e+01      1.768e-21 
   4.060e+01      1.785e-21 
   4.080e+01      1.802e-21 
   4.100e+01      1.819e-21 
   4.120e+01      1.836e-21 
   4.140e+01      1.853e-21 
   4.160e+01      1.869e-21 
   4.180e+01      1.886e-21 
   4.200e+01      1.902e-21 
   4.220e+01      1.918e-21 
   4.240e+01      1.934e-21 
   4.260e+01      1.950e-21 
   4.280e+01      1.966e-21 
   4.300e+01      1.982e-21 
   4.320e+01      1.997e-21 
   4.340e+01      2.013e-21 
   4.360e+01      2.028e-21 
   4.380e+01      2.044e-21 
   4.400e+01      2.059e-21 
   4.420e+01      2.074e-21 
   4.440e+01      2.089e-21 
   4.460e+01      2.104e-21 
   4.480e+01      2.118e-21 
   4.500e+01      2.133e-21 
   4.520e+01      2.148e-21 
   4.540e+01      2.162e-21 
   4.560e+01      2.176e-21 
   4.580e+01      2.190e-21 
   4.600e+01      2.205e-21 
   4.620e+01      2.219e-21 
   4.640e+01      2.232e-21 
   4.660e+01      2.246e-21 
   4.680e+01      2.260e-21 
   4.700e+01      2.274e-21 
   4.720e+01      2.287e-21 
   4.740e+01      2.300e-21 
   4.760e+01      2.314e-21 
   4.780e+01      2.327e-21 
   4.800e+01      2.340e-21 
   4.820e+01      2.353e-21 
   4.840e+01      2.366e-21 
   4.860e+01      2.379e-21 
   4.880e+01      2.391e-21 
   4.900e+01      2.404e-21 
   4.920e+01      2.416e-21 
   4.940e+01      2.429e-21 
   4.960e+01      2.441e-21 
   4.980e+01      2.453e-21 
   5.000e+01      2.466e-21 
   5.020e+01      2.478e-21 
   5.040e+01      2.490e-21 
   5.060e+01      2.501e-21 
   5.080e+01      2.513e-21 
   5.100e+01      2.525e-21 
   5.120e+01      2.536e-21 
   5.140e+01      2.548e-21 
   5.160e+01      2.559e-21 
   5.180e+01      2.571e-21 
   5.200e+01      2.582e-21 
   5.220e+01      2.593e-21 
   5.240e+01      2.604e-21 
   5.260e+01      2.615e-21 
   5.280e+01      2.626e-21 
   5.300e+01      2.637e-21 
   5.320e+01      2.648e-21 
   5.340e+01      2.658e-21 
   5.360e+01      2.669e-21 
   5.380e+01      2.679e-21 
   5.400e+01      2.690e-21 
   5.420e+01      2.700e-21 
   5.440e+01      2.710e-21 
   5.460e+01      2.721e-21 
   5.480e+01      2.731e-21 
   5.500e+01      2.741e-21 
   5.520e+01      2.751e-21 
   5.540e+01      2.760e-21 
   5.560e+01      2.770e-21 
   5.580e+01      2.780e-21 
   5.600e+01      2.790e-21 
   5.620e+01      2.799e-21 
   5.640e+01      2.809e-21 
   5.660e+01      2.818e-21 
   5.680e+01      2.827e-21 
   5.700e+01      2.837e-21 
   5.720e+01      2.846e-21 
   5.740e+01      2.855e-21 
   5.760e+01      2.864e-21 
   5.780e+01      2.873e-21 
   5.800e+01      2.882e-21 
   5.820e+01      2.891e-21 
   5.840e+01      2.899e-21 
   5.860e+01      2.908e-21 
   5.880e+01      2.917e-21 
   5.900e+01      2.925e-21 
   5.920e+01      2.934e-21 
   5.940e+01      2.942e-21 
   5.960e+01      2.951e-21 
   5.980e+01      2.959e-21 
   6.000e+01      2.967e-21 
   6.020e+01      2.975e-21 
   6.040e+01      2.983e-21 
   6.060e+01      2.991e-21 
   6.080e+01      2.999e-21 
   6.100e+01      3.007e-21 
   6.120e+01      3.015e-21 
   6.140e+01      3.023e-21 
   6.160e+01      3.031e-21 
   6.180e+01      3.038e-21 
   6.200e+01      3.046e-21 
   6.220e+01      3.053e-21 
   6.240e+01      3.061e-21 
   6.260e+01      3.068e-21 
   6.280e+01      3.076e-21 
   6.300e+01      3.083e-21 
   6.320e+01      3.090e-21 
   6.340e+01      3.097e-21 
   6.360e+01      3.105e-21 
   6.380e+01      3.112e-21 
   6.400e+01      3.119e-21 
   6.420e+01      3.126e-21 
   6.440e+01      3.132e-21 
   6.460e+01      3.139e-21 
   6.480e+01      3.146e-21 
   6.500e+01      3.153e-21 
   6.520e+01      3.159e-21 
   6.540e+01      3.166e-21 
   6.560e+01      3.173e-21 
   6.580e+01      3.179e-21 
   6.600e+01      3.185e-21 
   6.620e+01      3.192e-21 
   6.640e+01      3.198e-21 
   6.660e+01      3.205e-21 
   6.680e+01      3.211e-21 
   6.700e+01      3.217e-21 
   6.720e+01      3.223e-21 
   6.740e+01      3.229e-21 
   6.760e+01      3.235e-21 
   6.780e+01      3.241e-21 
   6.800e+01      3.247e-21 
   6.820e+01      3.253e-21 
   6.840e+01      3.259e-21 
   6.860e+01      3.265e-21 
   6.880e+01      3.270e-21 
   6.900e+01      3.276e-21 
   6.920e+01      3.282e-21 
   6.940e+01      3.287e-21 
   6.960e+01      3.293e-21 
   6.980e+01      3.298e-21 
   7.000e+01      3.304e-21 
   7.020e+01      3.309e-21 
   7.040e+01      3.314e-21 
   7.060e+01      3.320e-21 
   7.080e+01      3.325e-21 
   7.100e+01      3.330e-21 
   7.120e+01      3.335e-21 
   7.140e+01      3.340e-21 
   7.160e+01      3.346e-21 
   7.180e+01      3.351e-21 
   7.200e+01      3.356e-21 
   7.220e+01      3.360e-21 
   7.240e+01      3.365e-21 
   7.260e+01      3.370e-21 
   7.280e+01      3.375e-21 
   7.300e+01      3.380e-21 
   7.320e+01      3.385e-21 
   7.340e+01      3.389e-21 
   7.360e+01      3.394e-21 
   7.380e+01      3.398e-21 
   7.400e+01      3.403e-21 
   7.420e+01      3.408e-21 
   7.440e+01      3.412e-21 
   7.460e+01      3.416e-21 
   7.480e+01      3.421e-21 
   7.500e+01      3.425e-21 
   7.520e+01      3.430e-21 
   7.540e+01      3.434e-21 
   7.560e+01      3.438e-21 
   7.580e+01      3.442e-21 
   7.600e+01      3.446e-21 
   7.620e+01      3.451e-21 
   7.640e+01      3.455e-21 
   7.660e+01      3.459e-21 
   7.680e+01      3.463e-21 
   7.700e+01      3.467e-21 
   7.720e+01      3.471e-21 
   7.740e+01      3.475e-21 
   7.760e+01      3.478e-21 
   7.780e+01      3.482e-21 
   7.800e+01      3.486e-21 
   7.820e+01      3.490e-21 
   7.840e+01      3.494e-21 
   7.860e+01      3.497e-21 
   7.880e+01      3.501e-21 
   7.900e+01      3.505e-21 
   7.920e+01      3.508e-21 
   7.940e+01      3.512e-21 
   7.960e+01      3.515e-21 
   7.980e+01      3.519e-21 
   8.000e+01      3.522e-21 
   8.020e+01      3.526e-21 
   8.040e+01      3.529e-21 
   8.060e+01      3.532e-21 
   8.080e+01      3.536e-21 
   8.100e+01      3.539e-21 
   8.120e+01      3.542e-21 
   8.140e+01      3.545e-21 
   8.160e+01      3.549e-21 
   8.180e+01      3.552e-21 
   8.200e+01      3.555e-21 
   8.220e+01      3.558e-21 
   8.240e+01      3.561e-21 
   8.260e+01      3.564e-21 
   8.280e+01      3.567e-21 
   8.300e+01      3.570e-21 
   8.320e+01      3.573e-21 
   8.340e+01      3.576e-21 
   8.360e+01      3.579e-21 
   8.380e+01      3.582e-21 
   8.400e+01      3.584e-21 
   8.420e+01      3.587e-21 
   8.440e+01      3.590e-21 
   8.460e+01      3.593e-21 
   8.480e+01      3.595e-21 
   8.500e+01      3.598e-21 
   8.520e+01      3.601e-21 
   8.540e+01      3.603e-21 
   8.560e+01      3.606e-21 
   8.580e+01      3.609e-21 
   8.600e+01      3.611e-21 
   8.620e+01      3.614e-21 
   8.640e+01      3.616e-21 
   8.660e+01      3.618e-21 
   8.680e+01      3.621e-21 
   8.700e+01      3.623e-21 
   8.720e+01      3.626e-21 
   8.740e+01      3.628e-21 
   8.760e+01      3.630e-21 
   8.780e+01      3.633e-21 
   8.800e+01      3.635e-21 
   8.820e+01      3.637e-21 
   8.840e+01      3.639e-21 
   8.860e+01      3.642e-21 
   8.880e+01      3.644e-21 
   8.900e+01      3.646e-21 
   8.920e+01      3.648e-21 
   8.940e+01      3.650e-21 
   8.960e+01      3.652e-21 
   8.980e+01      3.654e-21 
   9.000e+01      3.656e-21 
   9.020e+01      3.658e-21 
   9.040e+01      3.660e-21 
   9.060e+01      3.662e-21 
   9.080e+01      3.664e-21 
   9.100e+01      3.666e-21 
   9.120e+01      3.668e-21 
   9.140e+01      3.670e-21 
   9.160e+01      3.672e-21 
   9.180e+01      3.673e-21 
   9.200e+01      3.675e-21 
   9.220e+01      3.677e-21 
   9.240e+01      3.679e-21 
   9.260e+01      3.680e-21 
   9.280e+01      3.682e-21 
   9.300e+01      3.684e-21 
   9.320e+01      3.685e-21 
   9.340e+01      3.687e-21 
   9.360e+01      3.689e-21 
   9.380e+01      3.690e-21 
   9.400e+01      3.692e-21 
   9.420e+01      3.693e-21 
   9.440e+01      3.695e-21 
   9.460e+01      3.696e-21 
   9.480e+01      3.698e-21 
   9.500e+01      3.699e-21 
   9.520e+01      3.701e-21 
   9.540e+01      3.702e-21 
   9.560e+01      3.704e-21 
   9.580e+01      3.705e-21 
   9.600e+01      3.706e-21 
   9.620e+01      3.708e-21 
   9.640e+01      3.709e-21 
   9.660e+01      3.710e-21 
   9.680e+01      3.712e-21 
   9.700e+01      3.713e-21 
   9.720e+01      3.714e-21 
   9.740e+01      3.715e-21 
   9.760e+01      3.717e-21 
   9.780e+01      3.718e-21 
   9.800e+01      3.719e-21 
   9.820e+01      3.720e-21 
   9.840e+01      3.721e-21 
   9.860e+01      3.722e-21 
   9.880e+01      3.723e-21 
   9.900e+01      3.724e-21 
   9.920e+01      3.726e-21 
   9.940e+01      3.727e-21 
   9.960e+01      3.728e-21 
   9.980e+01      3.729e-21 
   1.000e+02      3.730e-21 
   1.100e+02      3.759e-21 
   1.200e+02      3.757e-21 
   1.300e+02      3.733e-21 
   1.400e+02      3.693e-21 
   1.500e+02      3.641e-21 
   1.600e+02      3.582e-21 
   1.700e+02      3.518e-21 
   1.800e+02      3.451e-21 
   1.900e+02      3.383e-21 
   2.000e+02      3.314e-21 
   2.500e+02      2.985e-21 
   3.000e+02      2.701e-21 
   3.500e+02      2.465e-21 
   4.000e+02      2.267e-21 
   4.500e+02      2.101e-21 
   5.000e+02      1.960e-21 
   5.500e+02      1.838e-21 
   6.000e+02      1.732e-21 
   6.500e+02      1.639e-21 
   7.000e+02      1.557e-21 
   7.500e+02      1.483e-21 
   8.000e+02      1.416e-21 
   8.500e+02      1.356e-21 
   9.000e+02      1.302e-21 
   9.500e+02      1.252e-21 
   1.000e+03      1.206e-21 
   1.100e+03      1.124e-21 
   1.200e+03      1.054e-21 
   1.300e+03      9.931e-22 
   1.400e+03      9.394e-22 
   1.500e+03      8.917e-22 
   1.600e+03      8.491e-22 
   1.700e+03      8.108e-22 
   1.800e+03      7.761e-22 
   1.900e+03      7.445e-22 
   2.000e+03      7.156e-22 
   2.100e+03      6.891e-22 
   2.200e+03      6.646e-22 
   2.300e+03      6.420e-22 
   2.400e+03      6.210e-22 
   2.500e+03      6.015e-22 
   2.600e+03      5.833e-22 
   2.700e+03      5.662e-22 
   2.800e+03      5.502e-22 
   2.900e+03      5.352e-22 
   3.000e+03      5.210e-22 
   3.100e+03      5.077e-22 
   3.200e+03      4.950e-22 
   3.300e+03      4.831e-22 
   3.400e+03      4.717e-22 
   3.500e+03      4.609e-22 
   3.600e+03      4.507e-22 
   3.700e+03      4.409e-22 
   3.800e+03      4.316e-22 
   3.900e+03      4.227e-22 
   4.000e+03      4.142e-22 
   4.100e+03      4.060e-22 
   4.200e+03      3.982e-22 
   4.300e+03      3.908e-22 
   4.400e+03      3.836e-22 
   4.500e+03      3.767e-22 
   4.600e+03      3.700e-22 
   4.700e+03      3.637e-22 
   4.800e+03      3.575e-22 
   4.900e+03      3.516e-22 
   5.000e+03      3.459e-22 
   5.100e+03      3.403e-22 
   5.200e+03      3.350e-22 
   5.300e+03      3.299e-22 
   5.400e+03      3.249e-22 
   5.500e+03      3.201e-22 
   5.600e+03      3.154e-22 
   5.700e+03      3.109e-22 
   5.800e+03      3.065e-22 
   5.900e+03      3.022e-22 
   6.000e+03      2.981e-22 
   6.100e+03      2.941e-22 
   6.200e+03      2.902e-22 
   6.300e+03      2.864e-22 
   6.400e+03      2.828e-22 
   6.500e+03      2.792e-22 
   6.600e+03      2.757e-22 
   6.700e+03      2.723e-22 
   6.800e+03      2.690e-22 
   6.900e+03      2.658e-22 
   7.000e+03      2.627e-22 
   7.100e+03      2.596e-22 
   7.200e+03      2.567e-22 
   7.300e+03      2.538e-22 
   7.400e+03      2.509e-22 
   7.500e+03      2.482e-22 
   7.600e+03      2.455e-22 
   7.700e+03      2.428e-22 
   7.800e+03      2.403e-22 
   7.900e+03      2.377e-22 
   8.000e+03      2.353e-22 
   8.100e+03      2.329e-22 
   8.200e+03      2.305e-22 
   8.300e+03      2.282e-22 
   8.400e+03      2.260e-22 
   8.500e+03      2.238e-22 
   8.600e+03      2.216e-22 
   8.700e+03      2.195e-22 
   8.800e+03      2.174e-22 
   8.900e+03      2.154e-22 
   9.000e+03      2.134e-22 
   9.100e+03      2.114e-22 
   9.200e+03      2.095e-22 
   9.300e+03      2.077e-22 
   9.400e+03      2.058e-22 
   9.500e+03      2.040e-22 
   9.600e+03      2.022e-22 
   9.700e+03      2.005e-22 
   9.800e+03      1.988e-22 
   9.900e+03      1.971e-22 
   1.000e+04      1.955e-22 
   1.100e+04      1.805e-22 
   1.200e+04      1.678e-22 
   1.300e+04      1.569e-22 
   1.400e+04      1.475e-22 
   1.500e+04      1.391e-22 
   1.600e+04      1.317e-22 
   1.700e+04      1.251e-22 
   1.800e+04      1.192e-22 
   1.900e+04      1.139e-22 
   2.000e+04      1.090e-22 
   2.100e+04      1.046e-22 
   2.200e+04      1.005e-22 
   2.300e+04      9.678e-23 
   2.400e+04      9.332e-23 
   2.500e+04      9.012e-23 
   2.600e+04      8.714e-23 
   2.700e+04      8.437e-23 
   2.800e+04      8.178e-23 
   2.900e+04      7.935e-23 
   3.000e+04      7.708e-23 
   3.100e+04      7.493e-23 
   3.200e+04      7.292e-23 
   3.300e+04      7.101e-23 
   3.400e+04      6.921e-23 
   3.500e+04      6.750e-23 
   3.600e+04      6.588e-23 
   3.700e+04      6.434e-23 
   3.800e+04      6.287e-23 
   3.900e+04      6.148e-23 
   4.000e+04      6.015e-23 
   4.100e+04      5.888e-23 
   4.200e+04      5.766e-23 
   4.300e+04      5.650e-23 
   4.400e+04      5.538e-23 
   4.500e+04      5.432e-23 
   4.600e+04      5.329e-23 
   4.700e+04      5.231e-23 
   4.800e+04      5.136e-23 
   4.900e+04      5.045e-23 
   5.000e+04      4.957e-23 
   5.100e+04      4.872e-23 
   5.200e+04      4.791e-23 
   5.300e+04      4.712e-23 
   5.400e+04      4.636e-23 
   5.500e+04      4.563e-23 
   5.600e+04      4.492e-23 
   5.700e+04      4.423e-23 
   5.800e+04      4.357e-23 
   5.900e+04      4.292e-23 
   6.000e+04      4.230e-23 
   6.100e+04      4.169e-23 
   6.200e+04      4.111e-23 
   6.300e+04      4.054e-23 
   6.400e+04      3.998e-23 
   6.500e+04      3.944e-23 
   6.600e+04      3.892e-23 
   6.700e+04      3.841e-23 
   6.800e+04      3.792e-23 
   6.900e+04      3.744e-23 
   7.000e+04      3.697e-23 
   7.100e+04      3.652e-23 
   7.200e+04      3.607e-23 
   7.300e+04      3.564e-23 
   7.400e+04      3.522e-23 
   7.500e+04      3.481e-23 
   7.600e+04      3.440e-23 
   7.700e+04      3.401e-23 
   7.800e+04      3.363e-23 
   7.900e+04      3.326e-23 
   8.000e+04      3.289e-23 
   8.100e+04      3.254e-23 
   8.200e+04      3.219e-23 
   8.300e+04      3.185e-23 
   8.400e+04      3.152e-23 
   8.500e+04      3.119e-23 
   8.600e+04      3.087e-23 
   8.700e+04      3.056e-23 
   8.800e+04      3.026e-23 
   8.900e+04      2.996e-23 
   9.000e+04      2.966e-23 
   9.100e+04      2.938e-23 
   9.200e+04      2.910e-23 
   9.300e+04      2.882e-23 
   9.400e+04      2.855e-23 
   9.500e+04      2.829e-23 
   9.600e+04      2.803e-23 
   9.700e+04      2.777e-23 
   9.800e+04      2.753e-23 
   9.900e+04      2.728e-23 
   1.000e+05      2.704e-23 
-----------------------------

