ELASTIC
e+Ar=>e+Ar
0.136E-04
1.   1.
---------------------------
  0.0000E+00  0.7500E-19
  0.1000E-02  0.7500E-19
  0.2000E-02  0.7100E-19
  0.3000E-02  0.6700E-19
  0.5000E-02  0.6100E-19
  0.7000E-02  0.5400E-19
  0.8500E-02  0.5050E-19
  0.1000E-01  0.4600E-19
  0.1500E-01  0.3750E-19
  0.2000E-01  0.3250E-19
  0.3000E-01  0.2500E-19
  0.4000E-01  0.2050E-19
  0.5000E-01  0.1730E-19
  0.7000E-01  0.1130E-19
  0.1000E+00  0.5900E-20
  0.1200E+00  0.4000E-20
  0.1500E+00  0.2300E-20
  0.1700E+00  0.1600E-20
  0.2000E+00  0.1030E-20
  0.2500E+00  0.9100E-21
  0.3000E+00  0.1530E-20
  0.3500E+00  0.2350E-20
  0.4000E+00  0.3300E-20
  0.5000E+00  0.5100E-20
  0.7000E+00  0.8600E-20
  0.1000E+01  0.1380E-19
  0.1200E+01  0.1660E-19
  0.1300E+01  0.1820E-19
  0.1500E+01  0.2100E-19
  0.1700E+01  0.2300E-19
  0.1900E+01  0.2500E-19
  0.2100E+01  0.2800E-19
  0.2200E+01  0.2900E-19
  0.2500E+01  0.3300E-19
  0.2800E+01  0.3800E-19
  0.3000E+01  0.4100E-19
  0.3300E+01  0.4500E-19
  0.3600E+01  0.4900E-19
  0.4000E+01  0.5400E-19
  0.4500E+01  0.6100E-19
  0.5000E+01  0.6700E-19
  0.6000E+01  0.8100E-19
  0.7000E+01  0.9600E-19
  0.8000E+01  0.1170E-18
  0.1000E+02  0.1500E-18
  0.1200E+02  0.1450E-18
  0.1500E+02  0.1370E-18
  0.1700E+02  0.1100E-18
  0.2000E+02  0.9200E-19
  0.2500E+02  0.6800E-19
  0.3000E+02  0.5500E-19
  0.5000E+02  0.3200E-19
  0.7500E+02  0.2150E-19
  0.1000E+03  0.1600E-19
  0.1500E+03  0.1100E-19
  0.2000E+03  0.8800E-20
  0.3000E+03  0.6000E-20
  0.5000E+03  0.3700E-20
  0.7000E+03  0.2600E-20
  0.1000E+04  0.1700E-20
  0.1500E+04  0.9800E-21
  0.2000E+04  0.6600E-21
  0.3000E+04  0.3500E-21
  0.5000E+04  0.1500E-21
  0.7000E+04  0.8800E-22
  0.1000E+05  0.4900E-22
  0.1000E+07  0.4900E-22
---------------------------


EXCITATION
e+Ar=>e+Ars
11.50  6  1
1.  1.
---------------------------
  0.0000E+00  0.0000E+00
  0.1150E+02  0.0000E+00
  0.1270E+02  0.7000E-21
  0.1370E+02  0.1410E-20
  0.1470E+02  0.2280E-20
  0.1590E+02  0.3800E-20
  0.1650E+02  0.4800E-20
  0.1750E+02  0.6100E-20
  0.1850E+02  0.7500E-20
  0.1990E+02  0.9200E-20
  0.2220E+02  0.1170E-19
  0.2470E+02  0.1330E-19
  0.2700E+02  0.1420E-19
  0.3000E+02  0.1440E-19
  0.3300E+02  0.1410E-19
  0.3530E+02  0.1340E-19
  0.4200E+02  0.1250E-19
  0.4800E+02  0.1160E-19
  0.5200E+02  0.1110E-19
  0.7000E+02  0.9400E-20
  0.1000E+03  0.7600E-20
  0.1500E+03  0.6000E-20
  0.2000E+03  0.5050E-20
  0.3000E+03  0.3950E-20
  0.5000E+03  0.2800E-20
  0.7000E+03  0.2250E-20
  0.1000E+04  0.1770E-20
  0.1500E+04  0.1360E-20
  0.2000E+04  0.1100E-20
  0.3000E+04  0.8300E-21
  0.5000E+04  0.5800E-21
  0.7000E+04  0.4500E-21
  0.1000E+05  0.3500E-21
  0.1000E+07  0.3500E-21
---------------------------


IONIZATION
e+Ar=>2e+Ar+
15.80 2 16.0 9.45 
1. 1.
---------------------------
  0.0000E+00  0.0000E+00
  0.1580E+02  0.0000E+00
  0.1600E+02  0.2020E-21
  0.1700E+02  0.1340E-20
  0.1800E+02  0.2940E-20
  0.2000E+02  0.6300E-20
  0.2200E+02  0.9300E-20
  0.2375E+02  0.1150E-19
  0.2500E+02  0.1300E-19
  0.2650E+02  0.1450E-19
  0.3000E+02  0.1800E-19
  0.3250E+02  0.1990E-19
  0.3500E+02  0.2170E-19
  0.3750E+02  0.2310E-19
  0.4000E+02  0.2390E-19
  0.5000E+02  0.2530E-19
  0.5500E+02  0.2600E-19
  0.1000E+03  0.2850E-19
  0.1500E+03  0.2520E-19
  0.2000E+03  0.2390E-19
  0.3000E+03  0.2000E-19
  0.5000E+03  0.1450E-19
  0.7000E+03  0.1150E-19
  0.1000E+04  0.8600E-20
  0.1500E+04  0.6400E-20
  0.2000E+04  0.5200E-20
  0.3000E+04  0.3600E-20
  0.5000E+04  0.2400E-20
  0.7000E+04  0.1800E-20
  0.1000E+05  0.1350E-20
  0.1000E+07  0.1350E-20
---------------------------



IONIZATION
e+Ars=>2e+Ar+
4.427
1. 1.
---------------------------
  0.0000E+00  0.0000E+00
  0.4427E+01  0.0000E+00
  0.4628E+01  0.1849E-19
  0.5000E+01  0.3100E-19
  0.6000E+01  0.5800E-19
  0.7000E+01  0.6900E-19
  0.8000E+01  0.7600E-19
  0.9000E+01  0.8000E-19
  0.1000E+02  0.8200E-19
  0.1150E+02  0.8350E-19
  0.1550E+02  0.7800E-19
  0.2000E+02  0.7000E-19
  0.3000E+02  0.5400E-19
  0.5000E+02  0.3800E-19
  0.1000E+03  0.2050E-19
  0.2000E+03  0.1200E-19
  0.1000E+04  0.3500E-20
  0.1000E+05  0.6100E-21
  0.1000E+06  0.1080E-21
  0.1000E+07  0.1080E-21
---------------------------

